20120502,66793750,209843442,-143049692,297000,13276000,-12979000,4289000,6418000,2129000,-151739692
20120503,16586810,39940805,-23353995,426683,1497000,-1070317,-144000,674000,818000,-24568312
20120504,9024499,19780718,-10756219,49000,2737000,-2688000,579027,1598027,1019000,-12865192
20120507,11931000,31528423,-19597423,1000,1314000,-1313000,1121000,1224000,103000,-19789423
20120508,9873000,15122122,-5249122,101000,382000,-281000,-375265,385000,760265,-5905387
20120509,10272000,20120000,-9848000,0,5108000,-5108000,-955000,656000,1611000,-15911000
20120510,7196616,7772593,-575977,188000,1809000,-1621000,109000,619000,510000,-2087977
20120511,8697741,16662151,-7964410,38000,701000,-663000,-907000,763000,1670000,-9534410
20120514,14067000,13089400,977600,30000,932000,-902000,439000,728000,289000,514600
20120515,15330057,24762922,-9432865,71000,4501000,-4430000,754000,1870000,1116000,-13108865
20120516,16973474,26090453,-9116979,87000,2197000,-2110000,-69000,1572000,1641000,-11295979
20120517,18739388,15800000,2939388,19000,3020000,-3001000,-963000,542000,1505000,-1024612
20120518,9314050,19932054,-10618004,244000,592000,-348000,529000,900000,371000,-10437004
20120521,6778000,14437106,-7659106,172000,238000,-66000,788000,919000,131000,-6937106
20120522,23063000,12636077,10426923,144000,497000,-353000,35000,888000,853000,10108923
20120523,15435786,13344196,2091590,2621000,96000,2525000,346000,894000,548000,4962590
20120524,8336750,15865503,-7528753,1676000,556000,1120000,1233000,1547000,314000,-5175753
20120525,8382529,16058854,-7676325,869000,74000,795000,158000,662000,504000,-6723325
20120528,8986345,8603084,383261,488000,0,488000,-186000,390000,576000,685261
20120529,13394000,15763916,-2369916,2514000,15000,2499000,380000,1358000,978000,509084
20120530,25779450,29780283,-4000833,458058,350000,108058,211000,849000,638000,-3681775
20120531,15498345,27013436,-11515091,550000,212000,338000,745000,1109000,364000,-10432091
20120601,9729000,17035608,-7306608,1433000,328000,1105000,148000,712000,564000,-6053608
20120604,9572313,12880013,-3307700,664000,449000,215000,575000,1850000,1275000,-2517700
20120605,7757000,13823687,-6066687,243000,130000,113000,-157000,505000,662000,-6110687
20120606,8236191,13460323,-5224132,140000,1120000,-980000,157000,358000,201000,-6047132
20120607,10318945,11588686,-1269741,1153000,15000,1138000,1453000,1695000,242000,1321259
20120608,3643589,19338545,-15694956,358000,272000,86000,276000,750000,474000,-15332956
20120611,11008565,10045032,963533,316000,0,316000,658000,896000,238000,1937533
20120612,7491000,17812000,-10321000,316000,0,316000,-4000,315000,319000,-10009000
20120613,5254393,13912456,-8658063,236000,44000,192000,-56000,176000,232000,-8522063
20120614,5078719,9120309,-4041590,105000,300000,-195000,107023,225000,117977,-4129567
20120615,11780100,7981754,3798346,874000,554000,320000,964000,1346000,382000,5082346
20120618,10850696,5645665,5205031,1444000,0,1444000,-107000,750000,857000,6542031
20120619,12273241,10380976,1892265,0,360000,-360000,337000,519000,182000,1869265
20120620,13755006,14955614,-1200608,370000,0,370000,1000,491000,490000,-829608
20120621,9551741,13734068,-4182327,165000,200500,-35500,-16000,398000,414000,-4233827
20120622,10096399,10622768,-526369,199000,150000,49000,-278000,184000,462000,-755369
20120625,12502121,13665410,-1163289,55000,473000,-418000,-139000,392000,531000,-1720289
20120626,15376000,13114338,2261662,40000,566338,-526338,-591000,374000,965000,1144324
20120627,8984000,10561757,-1577757,266000,0,266000,391000,548000,157000,-920757
20120628,15188298,7924059,7264239,375000,36000,339000,612000,926000,314000,8215239
20120629,17785102,7779054,10006048,1221000,30000,1191000,1867000,2026000,159000,13064048
20120702,4182000,11475908,-7293908,2031000,22000,2009000,-14000,760000,774000,-5298908
20120703,15338286,9810885,5527401,1543000,0,1543000,-437000,904000,1341000,6633401
20120704,18216400,7653984,10562416,3189000,0,3189000,-150000,234000,384000,13601416
20120705,3739000,4162532,-423532,2781000,51000,2730000,-336000,306000,642000,1970468
20120706,10596000,6001191,4594809,798000,62000,736000,-709000,364000,1073000,4621809
20120709,11342000,5034300,6307700,344000,160000,184000,36000,218000,182000,6527700
20120710,16635660,15058530,1577130,31000,50000,-19000,-917000,599000,1516000,641130
20120711,6928000,10272551,-3344551,341000,516000,-175000,143000,314000,171000,-3376551
20120712,10679000,26608500,-15929500,63000,1212000,-1149000,309000,585000,276000,-16769500
20120713,7580372,16261929,-8681557,600000,608000,-8000,441033,659033,218000,-8248524
20120716,4928816,4809511,119305,992000,387000,605000,-357710,127000,484710,366595
20120717,9162100,7324039,1838061,537000,450000,87000,279000,501000,222000,2204061
20120718,8412000,19803551,-11391551,1641000,200000,1441000,-899000,188000,1087000,-10849551
20120719,9345520,10070821,-725301,483000,25000,458000,-325000,219000,544000,-592301
20120720,10498100,6103726,4394374,811000,0,811000,-70000,317000,387000,5135374
20120723,5791542,16747230,-10955688,480000,1365000,-885000,59000,531000,472000,-11781688
20120724,5644000,13902207,-8258207,361000,1396000,-1035000,803000,1144000,341000,-8490207
20120725,12328100,43679400,-31351300,211000,2315000,-2104000,85000,870000,785000,-33370300
20120726,16485106,41742488,-25257382,398000,2628000,-2230000,369000,1083000,714000,-27118382
20120727,13863206,15898139,-2034933,395000,85000,310000,-188000,846000,1034000,-1912933
20120730,16951003,18449217,-1498214,618000,32000,586000,-365119,206000,571119,-1277333
20120731,17620328,12077447,5542881,25000,114000,-89000,291000,840000,549000,5744881
20120801,15033866,19964421,-4930555,994000,210000,784000,253000,616000,363000,-3893555
20120803,12097400,37899170,-25801770,308000,2155000,-1847000,-583000,484000,1067000,-28231770
20120806,26260000,6545217,19714783,5587000,778000,4809000,737000,1697000,960000,25260783
20120807,22776206,7606398,15169808,179000,1793948,-1614948,-462000,499000,961000,13092860
20120808,12384269,7863866,4520403,1208000,886000,322000,728000,1223000,495000,5570403
20120809,30609820,2167000,28442820,1417000,1234000,183000,4137000,5362000,1225000,32762820
20120810,13705000,12492257,1212743,1884000,1733000,151000,-2004000,1577000,3581000,-640257
20120813,9443000,7270000,2173000,2592000,572000,2020000,-797000,452000,1249000,3396000
20120814,14202188,15318859,-1116671,976000,100000,876000,753300,1120300,367000,512629
20120815,11011000,13352572,-2341572,611000,198000,413000,-456000,1053000,1509000,-2384572
20120816,8002000,6327587,1674413,517000,47000,470000,435000,643000,208000,2579413
20120817,7118000,12274973,-5156973,304286,275000,29286,277000,600000,323000,-4850687
20120820,8694171,6428901,2265270,74500,292000,-217500,6000,282000,276000,2053770
20120821,18425972,15784056,2641916,1288000,219000,1069000,3690000,4078000,388000,7400916
20120822,6626456,5809791,816665,676000,1164000,-488000,-23000,699000,722000,305665
20120823,12433862,6955000,5478862,906500,860000,46500,-1982000,723000,2705000,3543362
20120824,7518433,13006257,-5487824,501000,835000,-334000,54000,932000,878000,-5767824
20120827,11844010,11680200,163810,1493000,1279000,214000,-282000,901000,1183000,95810
20120828,8012716,17128454,-9115738,925000,1503000,-578000,-1149000,1203000,2352000,-10842738
20120829,7900000,19471360,-11571360,47000,699000,-652000,634000,991000,357000,-11589360
20120830,14588000,36544829,-21956829,1437000,258000,1179000,731000,2028000,1297000,-20046829
20120831,10692119,12239209,-1547090,1589000,2244000,-655000,-208000,940000,1148000,-2410090
20120903,44678000,17833201,26844799,5483000,600000,4883000,3250000,5883000,2633000,34977799
20120904,13539000,12996621,542379,1070000,703000,367000,236000,2601000,2365000,1145379
20120905,12342700,18334600,-5991900,915000,259000,656000,1708000,2284000,576000,-3627900
20120906,14118677,16904340,-2785663,439000,98000,341000,-706000,1054000,1760000,-3150663
20120907,14413200,8151495,6261705,729000,1139000,-410000,-1279000,669000,1948000,4572705
20120910,10953329,10665641,287688,50000,355000,-305000,175000,759000,584000,157688
20120911,11896600,5172000,6724600,1002000,240000,762000,-1192000,2693000,3885000,6294600
20120912,25342300,8725000,16617300,2025000,24000,2001000,1256000,2592000,1336000,19874300
20120913,24443300,7108647,17334653,172500,326000,-153500,-1538000,538000,2076000,15643153
20120914,35319000,12812510,22506490,1703000,476000,1227000,1769000,3299000,1530000,25502490
20120917,19406000,11536941,7869059,43000,264000,-221000,-2264000,692000,2956000,5384059
20120918,10858000,14555877,-3697877,386000,458000,-72000,1729000,2054000,325000,-2040877
20120919,14930900,7413955,7516945,154000,721000,-567000,1016000,2604000,1588000,7965945
20120920,13824800,6755115,7069685,95000,500000,-405000,-2301000,322000,2623000,4363685
20120921,21373178,10499450,10873728,1086000,1203000,-117000,-1609000,725000,2334000,9147728
20120924,11277100,15701687,-4424587,6000,209000,-203000,-1054000,1104000,2158000,-5681587
20120925,17488600,32133016,-14644416,200000,1324000,-1124000,282000,1635000,1353000,-15486416
20120926,14474000,47108637,-32634637,470000,1385000,-915000,524000,2252000,1728000,-33025637
20120927,15258673,30369340,-15110667,78000,479800,-401800,966000,1336000,370000,-14546467
20120928,18262300,15960266,2302034,1543000,91000,1452000,-1004000,932000,1936000,2750034
20121001,7749600,6135782,1613818,57500,201000,-143500,-448000,365000,813000,1022318
20121002,11047490,11575546,-528056,1020000,116000,904000,621200,997000,375800,997144
20121003,10476000,11089324,-613324,1491000,152500,1338500,-129200,498000,627200,595976
20121004,7056885,7891878,-834993,846000,193000,653000,12500,879000,866500,-169493
20121005,8866326,19703701,-10837375,941000,107000,834000,449340,1194000,744660,-9554035
20121008,6597014,11331169,-4734155,15000,674000,-659000,-1628600,404000,2032600,-7021755
20121009,16976600,20667441,-3690841,181000,728000,-547000,767600,1193000,425400,-3470241
20121011,15277100,50225099,-34947999,307000,421900,-114900,680700,1727000,1046300,-34382199
20121012,9632213,20339437,-10707224,654000,331000,323000,-209000,546000,755000,-10593224
20121015,6360852,8256141,-1895289,1058000,30000,1028000,650900,1219000,568100,-216389
20121016,11204300,13465909,-2261609,944000,159000,785000,-359000,407000,766000,-1835609
20121017,7886356,17291574,-9405218,1167000,15000,1152000,613000,1300000,687000,-7640218
20121018,7681200,11973888,-4292688,291000,0,291000,85000,1094000,1009000,-3916688
20121019,54315799,76983889,-22668090,215000,777000,-562000,-330000,917000,1247000,-23560090
20121022,7552000,21437395,-13885395,241000,1031434,-790434,-426000,798000,1224000,-15101829
20121023,6267820,17493811,-11225991,652000,56000,596000,-176219,854000,1030219,-10806210
20121024,7240868,17660142,-10419274,448000,263000,185000,1102000,2409000,1307000,-9132274
20121025,15078110,16503054,-1424944,1097000,41500,1055500,-618200,1059000,1677200,-987644
20121026,12108100,19896506,-7788406,2483000,0,2483000,289000,1621000,1332000,-5016406
20121029,11427758,21290539,-9862781,1439754,8800,1430954,380000,1219000,839000,-8051827
20121030,24839200,23564830,1274370,5583000,700,5582300,4678078,6203078,1525000,11534748
20121031,47855000,15853971,32001029,3746000,282000,3464000,-5050000,1302000,6352000,30415029
20121101,21993600,22392543,-398943,545000,626800,-81800,2287000,3335000,1048000,1806257
20121102,13809060,9192572,4616488,167000,52000,115000,-749200,423000,1172200,3982288
20121105,11880000,11879110,890,489000,0,489000,883000,1601000,718000,1372890
20121106,18663600,10629000,8034600,158000,145500,12500,1807000,2518000,711000,9854100
20121107,22534300,10040790,12493510,417000,0,417000,1514000,2519000,1005000,14424510
20121108,30895816,17590249,13305567,482000,130000,352000,-1868000,2403000,4271000,11789567
20121109,14607000,14251000,356000,392000,2000,390000,1517000,3011000,1494000,2263000
20121112,20902000,9257697,11644303,50000,842000,-792000,-1926000,917000,2843000,8926303
20121113,8604600,11917644,-3313044,272000,538900,-266900,-973000,990000,1963000,-4552944
20121114,31998520,15693040,16305480,665000,546000,119000,-530000,1810000,2340000,15894480
20121115,16716517,11019993,5696524,438000,0,438000,330300,1228000,897700,6464824
20121116,21300243,16531738,4768505,166000,174000,-8000,-1058000,471000,1529000,3702505
20121119,9960173,6553791,3406382,414000,259900,154100,-901000,220000,1121000,2659482
20121120,14088303,9264200,4824103,307000,894000,-587000,468000,804000,336000,4705103
20121121,12933900,17191853,-4257953,336000,12000,324000,1440000,2128000,688000,-2493953
20121122,10115000,6508449,3606551,175000,2532000,-2357000,199000,783000,584000,1448551
20121123,28860000,6794174,22065826,837000,474000,363000,711000,3287000,2576000,23139826
20121126,22863000,5070402,17792598,511500,0,511500,-1904000,986000,2890000,16400098
20121127,20684000,7947665,12736335,198000,26000,172000,-377000,1018000,1395000,12531335
20121128,27169500,23055695,4113805,2228000,65900,2162100,1021575,2163000,1141425,7297480
20121129,29331030,30588710,-1257680,628000,301000,327000,-88000,1793000,1881000,-1018680
20121130,32019400,17505873,14513527,317000,292000,25000,-2099000,729000,2828000,12439527
20121203,22779987,8472125,14307862,293000,359000,-66000,1648400,3160000,1511600,15890262
20121204,25029677,11185240,13844437,302000,186000,116000,1387000,2147000,760000,15347437
20121205,19557000,12838967,6718033,705000,109000,596000,-725000,991000,1716000,6589033
20121206,18893500,12483769,6409731,234000,1697630,-1463630,-156000,1392000,1548000,4790101
20121207,13104000,25244554,-12140554,837000,500000,337000,2859000,3694000,835000,-8944554
20121210,14433956,11645069,2788887,630000,381000,249000,1870000,3264000,1394000,4907887
20121211,44204557,16198577,28005980,275000,2265000,-1990000,-3344500,1495000,4839500,22671480
20121212,35060039,18701177,16358862,252000,932400,-680400,-1152000,877000,2029000,14526462
20121213,22618310,18932781,3685529,0,616000,-616000,-628000,251000,879000,2441529
20121214,28752030,82305671,-53553641,2000,4882300,-4880300,133000,2563000,2430000,-58300941
20121217,40457000,122278536,-81821536,0,5669000,-5669000,1431000,3038000,1607000,-86059536
20121218,33389000,37082287,-3693287,354000,416000,-62000,-647700,761000,1408700,-4402987
20121219,24073300,21165463,2907837,0,3222000,-3222000,-2126500,173000,2299500,-2440663
20121220,29152000,34538384,-5386384,0,1180000,-1180000,-844000,138000,982000,-7410384
20121221,13916000,35603164,-21687164,56000,3921000,-3865000,-100000,843000,943000,-25652164
20121222,1169200,902205,266995,478000,3616600,-3138600,54000,297000,243000,-2817605
20121224,5625000,6394213,-769213,341000,282000,59000,45000,510000,465000,-665213
20121225,4149000,2781000,1368000,0,2917900,-2917900,328000,769000,441000,-1221900
20121226,4081000,2891000,1190000,0,869000,-869000,108000,321000,213000,429000
20121227,7621646,6732000,889646,415000,699000,-284000,-1279996,477004,1757000,-674350
20121228,7863759,8302520,-438761,115000,212700,-97700,370000,974000,604000,-166461
20130102,15494200,17662652,-2168452,0,1668000,-1668000,721000,1296000,575000,-3115452
20130103,13747000,11427032,2319968,0,4709400,-4709400,734000,1436000,702000,-1655432
20130104,19285000,27094965,-7809965,3000,1961800,-1958800,159000,1150000,991000,-9609765
20130107,9392600,26995257,-17602657,17000,4463500,-4446500,-517000,666000,1183000,-22566157
20130108,11968365,24035386,-12067021,0,6228400,-6228400,453000,727000,274000,-17842421
20130109,13372913,8064713,5308200,0,1732200,-1732200,120000,1000000,880000,3696000
20130110,26075000,21810930,4264070,100000,1338000,-1238000,429000,933000,504000,3455070
20130111,12342051,8662151,3679900,101000,1560700,-1459700,-137000,1039000,1176000,2083200
20130114,18503022,28876478,-10373456,0,1578000,-1578000,-480000,862000,1342000,-12431456
20130115,12850800,64388189,-51537389,0,3519522,-3519522,-691000,1192000,1883000,-55747911
20130116,19751656,48044842,-28293186,135000,412000,-277000,504000,1641000,1137000,-28066186
20130117,14877085,12797662,2079423,111566,674000,-562434,-1390000,272000,1662000,126989
20130118,22073000,11515947,10557053,246000,2328000,-2082000,31000,761000,730000,8506053
20130121,6435000,11607047,-5172047,146000,89000,57000,-268000,409000,677000,-5383047
20130122,16373200,14206677,2166523,482000,368000,114000,179000,924000,745000,2459523
20130123,17414000,13291571,4122429,20000,772000,-752000,107000,542000,435000,3477429
20130124,9375000,63625200,-54250200,22000,2222500,-2200500,-1402000,1266000,2668000,-57852700
20130125,8927352,20991281,-12063929,548000,322000,226000,608000,1134000,526000,-11229929
20130128,6946800,4987590,1959210,0,510000,-510000,-424000,282000,706000,1025210
20130129,16850674,7768700,9081974,489000,127000,362000,583900,1163000,579100,10027874
20130130,12449819,6103400,6346419,0,17000,-17000,-603000,441000,1044000,5726419
20130131,12171954,11286127,885827,40000,180600,-140600,378000,738000,360000,1123227
20130201,9237000,5387385,3849615,0,1433000,-1433000,-365000,177000,542000,2051615
20130204,10824019,16607741,-5783722,0,1607800,-1607800,-833000,175000,1008000,-8224522
20130205,7588440,9502826,-1914386,0,2113000,-2113000,-2070000,194000,2264000,-6097386
20130206,9724000,8861251,862749,36000,368000,-332000,-1169000,843000,2012000,-638251
20130218,10676268,21310854,-10634586,0,2261200,-2261200,-1108000,569000,1677000,-14003786
20130219,10513112,6054425,4458687,0,904400,-904400,-822740,431000,1253740,2731547
20130220,13024455,8086914,4937541,110000,331500,-221500,-379000,1250000,1629000,4337041
20130221,12972826,16354612,-3381786,120000,1771000,-1651000,-1409000,210000,1619000,-6441786
20130222,7232270,11420333,-4188063,95000,4579000,-4484000,19000,362000,343000,-8653063
20130223,602000,685000,-83000,0,1176000,-1176000,-296000,175000,471000,-1555000
20130225,5538000,9833550,-4295550,0,281000,-281000,-517000,72000,589000,-5093550
20130226,6899000,21388259,-14489259,216000,564000,-348000,-710000,176000,886000,-15547259
20130227,17061000,19037474,-1976474,0,857300,-857300,-191000,147000,338000,-3024774
20130301,15121000,22444625,-7323625,0,2200100,-2200100,286000,929000,643000,-9237725
20130304,13456100,15815479,-2359379,0,3024900,-3024900,-69000,544000,613000,-5453279
20130305,12164040,25610376,-13446336,0,3319900,-3319900,-905000,917000,1822000,-17671236
20130306,14992100,23220308,-8228208,0,10412000,-10412000,1341000,1734000,393000,-17299208
20130307,6700100,10527517,-3827417,0,3710000,-3710000,480000,1080000,600000,-7057417
20130308,12131700,16442251,-4310551,3000,702100,-699100,162000,463000,301000,-4847651
20130311,7504000,7542900,-38900,0,1591500,-1591500,-320000,549000,869000,-1950400
20130312,3188000,7554696,-4366696,0,3000200,-3000200,900000,1407000,507000,-6466896
20130313,4859000,16693634,-11834634,0,468000,-468000,-837001,644000,1481001,-13139635
20130314,4739000,8112839,-3373839,0,463500,-463500,776000,1748000,972000,-3061339
20130315,20946392,12934955,8011437,437000,3369000,-2932000,-825000,924000,1749000,4254437
20130318,10753000,11395664,-642664,604000,41300,562700,948000,1832000,884000,868036
20130319,18494900,14146751,4348149,656000,0,656000,2061000,3380000,1319000,7065149
20130320,12320000,14982361,-2662361,801000,6000,795000,-296200,1933000,2229200,-2163561
20130321,13799470,9956181,3843289,270000,0,270000,-1189000,293000,1482000,2924289
20130322,15141010,10478887,4662123,1338000,16700,1321300,-286000,1283000,1569000,5697423
20130325,8267573,9618349,-1350776,667000,0,667000,-1165000,613000,1778000,-1848776
20130326,17501427,12625615,4875812,92000,1067000,-975000,33010,1114000,1080990,3933822
20130327,13987700,13151240,836460,458000,1804000,-1346000,582000,1772000,1190000,72460
20130328,11196000,14804158,-3608158,0,1740000,-1740000,-667010,485000,1152010,-6015168
20130329,4486210,4511569,-25359,302000,160000,142000,321000,523000,202000,437641
20130401,3388789,2831543,557246,48000,323000,-275000,-456000,220000,676000,-173754
20130402,8567906,4031550,4536356,113000,324000,-211000,-97000,185000,282000,4228356
20130403,5726000,8890229,-3164229,500000,6000,494000,-293000,152000,445000,-2963229
20130408,12279190,25305334,-13026144,0,119000,-119000,71000,956000,885000,-13074144
20130409,5983000,15258521,-9275521,0,103000,-103000,-369000,203000,572000,-9747521
20130410,7896769,15826449,-7929680,0,1500000,-1500000,285000,414000,129000,-9144680
20130411,2660161,18985795,-16325634,1270000,1898488,-628488,342000,973000,631000,-16612122
20130412,7092000,48265298,-41173298,0,2877000,-2877000,-1122077,742000,1864077,-45172375
20130415,15451753,44592228,-29140475,10000,3622000,-3612000,532000,1531000,999000,-32220475
20130416,15191694,47790036,-32598342,0,1237800,-1237800,2195000,2544000,349000,-31641142
20130417,14984130,19580568,-4596438,806000,1016000,-210000,-531000,694000,1225000,-5337438
20130418,4815000,34148212,-29333212,246000,837000,-591000,114000,964000,850000,-29810212
20130419,13842100,26445414,-12603314,29422,1412000,-1382578,974000,1605000,631000,-13011892
20130422,4464100,10739217,-6275117,0,422000,-422000,-276000,437000,713000,-6973117
20130423,6273000,25869571,-19596571,300000,2008694,-1708694,1715000,2167000,452000,-19590265
20130424,7688800,11678320,-3989520,730000,493000,237000,1809000,2326000,517000,-1943520
20130425,8031338,4444800,3586538,143000,473000,-330000,-1524000,179000,1703000,1732538
20130426,12376800,52930869,-40554069,0,850400,-850400,-56000,908000,964000,-41460469
20130429,8490000,35235205,-26745205,358000,72000,286000,140000,509000,369000,-26319205
20130430,13860841,33859939,-19999098,0,3775000,-3775000,2050000,2182000,132000,-21724098
20130502,10005000,21290177,-11285177,0,112000,-112000,710000,2328000,1618000,-10687177
20130503,12207000,16943558,-4736558,150000,88200,61800,1051000,1901000,850000,-3623758
20130506,5395000,8288336,-2893336,0,98000,-98000,78000,744000,666000,-2913336
20130507,14083280,20620679,-6537399,0,102000,-102000,775000,1079000,304000,-5864399
20130508,36259987,17286794,18973193,324000,24000,300000,3906000,4806000,900000,23179193
20130509,36169281,15651962,20517319,2882000,9000,2873000,2829000,4897000,2068000,26219319
20130510,20788000,27518050,-6730050,1618000,293000,1325000,969000,1909000,940000,-4436050
20130513,9816000,27607239,-17791239,571000,72000,499000,817000,1621000,804000,-16475239
20130514,11473892,10696939,776953,114000,201000,-87000,-242000,809000,1051000,447953
20130515,20399000,54276147,-33877147,70000,452500,-382500,-1189000,2270000,3459000,-35448647
20130516,17249000,44354015,-27105015,0,202000,-202000,2855000,3549000,694000,-24452015
20130517,5803260,52973845,-47170585,139000,246000,-107000,1969000,2938000,969000,-45308585
20130520,7912926,29732224,-21819298,0,916000,-916000,554000,1044000,490000,-22181298
20130521,5389000,21334681,-15945681,0,124000,-124000,669000,1224000,555000,-15400681
20130522,13521220,10747608,2773612,80000,435000,-355000,512000,1359000,847000,2930612
20130523,6416980,34752180,-28335200,0,259000,-259000,-528000,1286000,1814000,-29122200
20130524,8192036,25015625,-16823589,12000,258000,-246000,-1374000,595000,1969000,-18443589
20130527,4163665,9002650,-4838985,0,6000,-6000,667000,940000,273000,-4177985
20130528,4309000,11216677,-6907677,13000,55600,-42600,-206000,269000,475000,-7156277
20130529,10484000,17182125,-6698125,25000,0,25000,1722000,2788000,1066000,-4951125
20130530,2661000,21303851,-18642851,40000,102000,-62000,-165995,1235000,1400995,-18870846
20130531,15976700,43594616,-27617916,3000,150000,-147000,-330000,772000,1102000,-28094916
20130603,7107000,17904560,-10797560,200000,252000,-52000,341000,893000,552000,-10508560
20130604,6084000,12470000,-6386000,0,240000,-240000,-454000,407000,861000,-7080000
20130605,4934433,19227584,-14293151,0,263000,-263000,-643000,397000,1040000,-15199151
20130606,7109620,29810546,-22700926,20000,601000,-581000,-3486000,571000,4057000,-26767926
20130607,6541530,19307740,-12766210,0,1252000,-1252000,-1840000,92000,1932000,-15858210
20130610,11169050,16281157,-5112107,0,888000,-888000,634000,981000,347000,-5366107
20130611,7593995,24736000,-17142005,0,2063000,-2063000,-1186000,772000,1958000,-20391005
20130613,13369000,35537764,-22168764,60000,1494000,-1434000,-3462000,162000,3624000,-27064764
20130614,16142000,25863293,-9721293,0,357000,-357000,-2241000,818000,3059000,-12319293
20130617,11222688,41517638,-30294950,0,590000,-590000,-369000,518000,887000,-31253950
20130618,10216095,20227735,-10011640,0,354000,-354000,204000,541000,337000,-10161640
20130619,6286256,15148206,-8861950,0,784000,-784000,-638000,700000,1338000,-10283950
20130620,4350000,19067800,-14717800,0,750000,-750000,-1025000,184000,1209000,-16492800
20130621,5183368,25986716,-20803348,203000,1959800,-1756800,-245000,1097000,1342000,-22805148
20130624,4773000,17221170,-12448170,217000,133762,83238,305000,700000,395000,-12059932
20130625,13668080,14230251,-562171,130000,0,130000,1221000,2201000,980000,788829
20130626,13037830,14201690,-1163860,200000,414900,-214900,3318000,4550000,1232000,1939240
20130627,17314300,21004292,-3689992,920000,5000,915000,-1995000,1051000,3046000,-4769992
20130628,25365823,15999124,9366699,6000,526000,-520000,467000,1067000,600000,9313699
20130701,13569240,7642819,5926421,91000,515000,-424000,-373000,622000,995000,5129421
20130702,10524538,4002340,6522198,350000,812000,-462000,-452000,414000,866000,5608198
20130703,8540670,11299298,-2758628,20000,199000,-179000,-380000,234000,614000,-3317628
20130704,8641000,7851965,789035,598000,50100,547900,-364000,341000,705000,972935
20130705,11863000,1545488,10317512,71000,272000,-201000,2787000,3150000,363000,12903512
20130708,6888000,7175000,-287000,0,0,0,-432000,506000,938000,-719000
20130709,21657200,8057169,13600031,20000,0,20000,590000,1023000,433000,14210031
20130710,14121000,2958800,11162200,150000,0,150000,2832000,3836000,1004000,14144200
20130711,45350992,1740000,43610992,1513000,14762,1498238,3881000,5215000,1334000,48990230
20130712,15879000,2913000,12966000,1508000,88000,1420000,94000,713000,619000,14480000
20130715,15600141,2713243,12886898,438000,500000,-62000,650053,943053,293000,13474951
20130716,16076000,3074500,13001500,258000,0,258000,168000,345000,177000,13427500
20130717,16746106,6139232,10606874,20000,0,20000,-2595000,782000,3377000,8031874
20130718,18058200,3205897,14852303,150000,60000,90000,615000,1004000,389000,15557303
20130719,17634342,6221882,11412460,1356000,308000,1048000,-725000,707000,1432000,11735460
20130722,15701992,10997000,4704992,100000,0,100000,191000,904000,713000,4995992
20130723,15106000,8067493,7038507,1005000,500,1004500,746000,1447000,701000,8789007
20130724,18023800,3337900,14685900,489000,154000,335000,2122000,2420000,298000,17142900
20130725,14494000,3943954,10550046,184000,0,184000,252000,805000,553000,10986046
20130726,8117000,3287666,4829334,300000,0,300000,-1697000,463000,2160000,3432334
20130729,4709000,2142083,2566917,245000,800,244200,-853000,215000,1068000,1958117
20130730,11539500,3265000,8274500,2000,22000,-20000,456000,844000,388000,8710500
20130731,7773271,6247370,1525901,570000,56000,514000,-693000,262000,955000,1346901
20130801,6562000,6299800,262200,575000,80000,495000,-3480000,225000,3705000,-2722800
20130802,4492998,4040055,452943,127000,98000,29000,-388000,1303000,1691000,93943
20130805,9655191,4073414,5581777,30000,235000,-205000,4485000,4858000,373000,9861777
20130806,6934000,8718000,-1784000,0,18000,-18000,-1171000,392000,1563000,-2973000
20130807,12002000,11033669,968331,0,0,0,-1465000,30000,1495000,-496669
20130808,5069270,12791636,-7722366,300000,0,300000,-773000,380000,1153000,-8195366
20130809,7659393,16908554,-9249161,0,222000,-222000,-591000,580000,1171000,-10062161
20130812,8121000,3448130,4672870,450000,300000,150000,1416000,1924000,508000,6238870
20130813,31601969,13392340,18209629,2465000,270000,2195000,2121000,2409000,288000,22525629
20130814,14480829,11790448,2690381,702000,29000,673000,-282000,761000,1043000,3081381
20130815,11022400,9530124,1492276,407000,20000,387000,-218000,403000,621000,1661276
20130816,9243035,3915472,5327563,171000,3000,168000,795000,1158000,363000,6290563
20130819,13746420,8211672,5534748,125000,0,125000,48000,711000,663000,5707748
20130820,18833311,7454658,11378653,577000,0,577000,2152000,2966000,814000,14107653
20130822,22309123,20179364,2129759,949000,63000,886000,938000,2417000,1479000,3953759
20130823,17216000,5497178,11718822,1034000,25000,1009000,-1610000,553000,2163000,11117822
20130826,13860000,4074988,9785012,201000,0,201000,370000,784000,414000,10356012
20130827,19044160,8489911,10554249,436000,0,436000,-3148000,108000,3256000,7842249
20130828,5227000,9740693,-4513693,210000,611000,-401000,-282000,414000,696000,-5196693
20130829,9766676,7988365,1778311,0,48000,-48000,240000,417000,177000,1970311
20130830,16332255,6022595,10309660,127000,27000,100000,1454000,1878000,424000,11863660
20130902,12434000,2609314,9824686,212000,198000,14000,903000,1260000,357000,10741686
20130903,10749849,3151236,7598613,262893,194000,68893,209000,1238000,1029000,7876506
20130904,11831000,4530720,7300280,0,40000,-40000,1000000,2128000,1128000,8260280
20130905,13851817,6159500,7692317,0,148000,-148000,5433000,6109000,676000,12977317
20130906,11767331,6622141,5145190,37000,280000,-243000,17931096,18550000,618904,22833286
20130909,15200540,10230865,4969675,747000,406000,341000,-21690000,1218000,22908000,-16379325
20130910,17002000,10033386,6968614,180000,277000,-97000,-5759000,1060000,6819000,1112614
20130911,17332900,25169538,-7836638,79000,1016000,-937000,-3339000,3001000,6340000,-12112638
20130912,13265700,30800657,-17534957,249000,486000,-237000,123000,2362000,2239000,-17648957
20130913,6632300,5981463,650837,36000,1351000,-1315000,-606000,250000,856000,-1270163
20130914,1618000,34000,1584000,30000,50000,-20000,-1124000,90000,1214000,440000
20130916,15541000,9915718,5625282,184000,0,184000,-411000,725000,1136000,5398282
20130917,13103000,9077638,4025362,45000,930000,-885000,-634000,250000,884000,2506362
20130918,8701431,12383673,-3682242,186000,1262000,-1076000,-2842000,471000,3313000,-7600242
20130923,17298323,14590217,2708106,15000,0,15000,-542000,423000,965000,2181106
20130924,11085000,6824328,4260672,117500,230000,-112500,494000,1255000,761000,4642172
20130925,12808000,8466300,4341700,55000,58000,-3000,38000,571000,533000,4376700
20130926,8132474,9141000,-1008526,6000,10000,-4000,-1323000,349000,1672000,-2335526
20130927,13900700,8061247,5839453,0,38000,-38000,-927000,291000,1218000,4874453
20130930,11555482,17278008,-5722526,9000,5000,4000,-165000,579000,744000,-5883526
20131001,3043000,4812193,-1769193,4000,1759000,-1755000,-54000,207000,261000,-3578193
20131002,4624165,13532900,-8908735,0,313000,-313000,645000,955000,310000,-8576735
20131003,18912152,10572989,8339163,19000,686000,-667000,937000,1572000,635000,8609163
20131004,7174000,7587566,-413566,3000,190000,-187000,318000,691000,373000,-282566
20131007,7471000,11871000,-4400000,1000,86000,-85000,373000,706000,333000,-4112000
20131008,9598000,12535933,-2937933,50000,72000,-22000,393000,790000,397000,-2566933
20131009,8011945,5579660,2432285,45000,36000,9000,-474000,428000,902000,1967285
20131011,12514106,18725243,-6211137,519000,101000,418000,698000,1069000,371000,-5095137
20131014,7645200,19723494,-12078294,0,3109000,-3109000,-1711000,550000,2261000,-16898294
20131015,7940000,23768929,-15828929,0,1061533,-1061533,558000,1308000,750000,-16332462
20131016,5298600,12892900,-7594300,0,2322000,-2322000,-426000,664000,1090000,-10342300
20131017,7697474,22564223,-14866749,83000,883529,-800529,702000,1544000,842000,-14965278
20131018,9370645,5547088,3823557,0,177000,-177000,-429000,836000,1265000,3217557
20131021,5235000,6421000,-1186000,0,177000,-177000,109000,531000,422000,-1254000
20131022,10731552,5037139,5694413,0,160000,-160000,-311000,1385000,1696000,5223413
20131023,7413637,2597809,4815828,190000,311000,-121000,-736712,144000,880712,3958116
20131024,3275270,3380537,-105267,200000,100000,100000,461000,739000,278000,455733
20131025,10538600,13982934,-3444334,145000,26000,119000,-262000,664000,926000,-3587334
20131028,8126679,3323963,4802716,0,327000,-327000,-233000,763000,996000,4242716
20131029,9584270,32503223,-22918953,300000,892500,-592500,1875100,3097000,1221900,-21636353
20131030,10278500,2478256,7800244,0,199600,-199600,65000,971000,906000,7665644
20131031,11339000,16243259,-4904259,0,469533,-469533,1207000,1972000,765000,-4166792
20131101,7723143,10147475,-2424332,0,119600,-119600,-2208000,39000,2247000,-4751932
20131104,7619000,18597834,-10978834,0,111000,-111000,580000,1155000,575000,-10509834
20131105,9253108,8743947,509161,0,202600,-202600,133000,930000,797000,439561
20131106,10753147,4154081,6599066,1712000,0,1712000,422900,1358000,935100,8733966
20131107,5997000,6567224,-570224,0,74708,-74708,1002000,1188000,186000,357068
20131108,6559000,9125813,-2566813,0,0,0,1339000,2010000,671000,-1227813
20131111,9515000,14925171,-5410171,352000,0,352000,2334031,3206000,871969,-2724140
20131112,9904500,7603087,2301413,419000,0,419000,-523000,1664000,2187000,2197413
20131113,14641406,13676110,965296,102000,0,102000,245000,1346000,1101000,1312296
20131114,18086324,10479958,7606366,840000,0,840000,-552800,2535000,3087800,7893566
20131115,10741000,5405249,5335751,38000,0,38000,-801000,815000,1616000,4572751
20131118,15181182,7399594,7781588,173000,78720,94280,-67500,1022000,1089500,7808368
20131119,14483230,11023874,3459356,100000,0,100000,1185000,1889000,704000,4744356
20131120,13053000,8109942,4943058,50000,18000,32000,1198100,3061100,1863000,6173158
20131121,26638805,19287446,7351359,0,463400,-463400,57000,720000,663000,6944959
20131122,10614950,20801650,-10186700,52000,190200,-138200,982000,1782000,800000,-9342900
20131125,16394920,9815039,6579881,794156,0,794156,1004000,1803000,799000,8378037
20131126,19841212,14483537,5357675,26000,102000,-76000,-356000,356000,712000,4925675
20131127,8791196,8657200,133996,150000,0,150000,34000,613000,579000,317996
20131128,11234000,1865615,9368385,335000,478700,-143700,1156000,1636000,480000,10380685
20131129,25162808,8752674,16410134,1662000,303000,1359000,14087000,14813000,726000,31856134
20131202,13894234,6523000,7371234,1521000,500000,1021000,-3951000,680000,4631000,4441234
20131203,13319483,8233286,5086197,278000,117000,161000,-298000,826000,1124000,4949197
20131204,19080000,5945462,13134538,140000,48000,92000,2053000,3141000,1088000,15279538
20131205,19529121,15538972,3990149,3208000,0,3208000,-2531000,784000,3315000,4667149
20131206,14205150,22900218,-8695068,738000,90000,648000,2475000,3867000,1392000,-5572068
20131209,25649929,2291431,23358498,648000,28000,620000,1250000,3453000,2203000,25228498
20131210,20180300,11042428,9137872,0,11000,-11000,258950,2152950,1894000,9385822
20131211,19480800,29028341,-9547541,737000,100000,637000,-2226000,2558000,4784000,-11136541
20131212,20493774,12881337,7612437,0,16000,-16000,-1327100,1188000,2515100,6269337
20131213,15505000,14860891,644109,58000,35000,23000,477000,1551000,1074000,1144109
20131216,9405000,10313695,-908695,727000,0,727000,-1412000,450000,1862000,-1593695
20131217,13933168,3757155,10176013,0,1002600,-1002600,-2075000,129000,2204000,7098413
20131218,22094500,11540904,10553596,277000,250000,27000,-2485000,966000,3451000,8095596
20131219,9679900,1725800,7954100,1233000,0,1233000,-155000,652000,807000,9032100
20131220,12695280,9030688,3664592,651000,170000,481000,559900,1141000,581100,4705492
20131223,7275815,6457713,818102,277000,305000,-28000,408000,827000,419000,1198102
20131224,2580200,1573100,1007100,521000,107000,414000,-104000,424000,528000,1317100
20131225,1588000,1682000,-94000,0,39000,-39000,282000,621000,339000,149000
20131226,3385000,109000,3276000,52000,650000,-598000,1800000,1962000,162000,4478000
20131227,11588000,1592436,9995564,385000,0,385000,2444000,3899000,1455000,12824564
20131230,10436000,1685882,8750118,76000,4000,72000,-782000,619000,1401000,8040118
20131231,11955001,1960668,9994333,62000,18000,44000,-605000,523000,1128000,9433333
20140102,13441091,4732000,8709091,96000,596000,-500000,-122000,903000,1025000,8087091
20140103,24635250,10238588,14396662,0,97370,-97370,-1961000,596000,2557000,12338292
20140106,7391200,7549627,-158427,323000,10000,313000,-433000,563000,996000,-278427
20140107,10348000,12043950,-1695950,0,27000,-27000,-343010,391990,735000,-2065960
20140108,16765705,7107600,9658105,311000,214000,97000,111000,367000,256000,9866105
20140109,33411800,5107065,28304735,68000,161000,-93000,4490000,6182000,1692000,32701735
20140110,25163000,8514921,16648079,2521000,33000,2488000,-4698000,720000,5418000,14438079
20140113,27815000,4259084,23555916,1995000,0,1995000,-2269000,493000,2762000,23281916
20140114,34652892,5275278,29377614,1087000,53000,1034000,377000,1352000,975000,30788614
20140115,54612890,8758753,45854137,1276000,388000,888000,534000,2421000,1887000,47276137
20140116,43283000,3339997,39943003,780000,50000,730000,-1910000,2081000,3991000,38763003
20140117,31631160,3585282,28045878,392000,7000,385000,-3175000,133000,3308000,25255878
20140120,38270738,3448981,34821757,117000,52000,65000,2914992,3723000,808008,37801749
20140121,24134900,7344804,16790096,1667000,63000,1604000,-2342000,513000,2855000,16052096
20140122,21460600,8759418,12701182,385000,22000,363000,319000,768000,449000,13383182
20140123,22739154,13305827,9433327,729000,509000,220000,-291998,332002,624000,9361329
20140124,37704259,9153703,28550556,638000,54000,584000,1627000,2217000,590000,30761556
20140127,38973000,27344775,11628225,764000,55000,709000,-2050000,1098000,3148000,10287225
20140205,42849900,78625704,-35775804,82000,175000,-93000,-3924501,781000,4705501,-39793305
20140206,26371180,26702258,-331078,25000,416000,-391000,-419500,773000,1192500,-1141578
20140207,14755000,22250120,-7495120,0,183000,-183000,-393000,545000,938000,-8071120
20140210,20951000,19888779,1062221,56000,555000,-499000,-195000,222000,417000,368221
20140211,17070431,17072942,-2511,27000,1013000,-986000,296000,757000,461000,-692511
20140212,22249000,14027216,8221784,0,438000,-438000,3670000,4312000,642000,11453784
20140213,24277669,8043581,16234088,4000,266704,-262704,-1644000,1925000,3569000,14327384
20140214,32427000,5169781,27257219,20000,90400,-70400,-464900,1895000,2359900,26721919
20140217,8208000,4657010,3550990,100000,280000,-180000,-748000,405000,1153000,2622990
20140218,7549146,3076790,4472356,0,96000,-96000,-396200,242000,638200,3980156
20140219,21986830,3743922,18242908,0,58000,-58000,-1371000,23000,1394000,16813908
20140220,8735764,8387312,348452,1000,62000,-61000,5000,461000,456000,292452
20140221,18722450,7577396,11145054,0,244000,-244000,1035970,1131970,96000,11937024
20140224,6577000,12530283,-5953283,342000,104000,238000,889000,992000,103000,-4826283
20140225,9741479,9704450,37029,0,2681000,-2681000,975000,1484000,509000,-1668971
20140226,17055000,6264016,10790984,50000,1009000,-959000,-1121000,448000,1569000,8710984
20140227,17029594,8487250,8542344,5000,567300,-562300,159000,1132000,973000,8139044
20140303,16575400,24464390,-7888990,1299000,1282000,17000,-1996000,491000,2487000,-9867990
20140304,6382568,6136840,245728,100000,45000,55000,-200000,333000,533000,100728
20140305,5012000,7219261,-2207261,143000,204000,-61000,-197000,315000,512000,-2465261
20140306,22690680,2205648,20485032,946000,169000,777000,883000,1757000,874000,22145032
20140307,20910096,3466374,17443722,200000,33000,167000,-461000,2403000,2864000,17149722
20140310,13884000,5897198,7986802,40000,37000,3000,491000,1371000,880000,8480802
20140311,12758480,12822528,-64048,80000,328000,-248000,20000,761000,741000,-292048
20140312,14713110,6846939,7866171,0,83000,-83000,-391000,651000,1042000,7392171
20140313,37366600,10154211,27212389,175000,106000,69000,7223000,8250000,1027000,34504389
20140314,13019000,9024560,3994440,43000,296000,-253000,-3598000,1267000,4865000,143440
20140317,20081601,3668066,16413535,361000,5000,356000,-2627000,416000,3043000,14142535
20140318,11372200,17452124,-6079924,53000,129000,-76000,-1843000,443000,2286000,-7998924
20140319,12723000,13119619,-396619,0,0,0,-274444,1052000,1326444,-671063
20140320,17174200,18905600,-1731400,460000,0,460000,154000,1168000,1014000,-1117400
20140321,16040100,9802068,6238032,0,2000,-2000,37000,523000,486000,6273032
20140324,23324415,2661000,20663415,270000,36000,234000,431000,1190000,759000,21328415
20140325,8408000,7376580,1031420,1085000,0,1085000,255000,1131000,876000,2371420
20140326,15044000,12288191,2755809,317000,0,317000,1170000,1585000,415000,4242809
20140327,13817348,8998800,4818548,509000,0,509000,-176000,365000,541000,5151548
20140328,15817312,8869800,6947512,394000,9000,385000,-359007,805993,1165000,6973505
20140331,17473624,14912557,2561067,875000,1987000,-1112000,10000,534000,524000,1459067
20140401,18751000,10801129,7949871,49000,115000,-66000,-313000,136000,449000,7570871
20140402,16380554,12912356,3468198,9000,2442000,-2433000,286000,541000,255000,1321198
20140403,13010000,4173299,8836701,0,231000,-231000,-214000,363000,577000,8391701
20140407,15266560,13514635,1751925,0,108000,-108000,-149010,314990,464000,1494915
20140408,7789382,5954050,1835332,178000,202000,-24000,544000,946000,402000,2355332
20140409,8692000,3225000,5467000,172000,0,172000,-496000,246000,742000,5143000
20140410,14210888,6680870,7530018,316804,475000,-158196,-119010,443990,563000,7252812
20140411,8478896,12318760,-3839864,0,0,0,900000,1151000,251000,-2939864
20140414,27967000,5377000,22590000,0,0,0,-802000,835000,1637000,21788000
20140415,20405270,3823643,16581627,414000,2000,412000,2536600,4733000,2196400,19530227
20140416,23223000,5674000,17549000,540000,3000,537000,-2776240,2393000,5169240,15309760
20140417,16224790,4245213,11979577,1164000,25000,1139000,-2632000,535000,3167000,10486577
20140418,4586300,835108,3751192,907000,45000,862000,971000,1223000,252000,5584192
20140421,1995000,1503000,492000,621000,58000,563000,384975,646975,262000,1439975
20140422,5833000,5593236,239764,1209000,52000,1157000,-58000,232000,290000,1338764
20140423,17775900,4873191,12902709,120000,5000,115000,1475980,1930980,455000,14493689
20140424,14580000,10631774,3948226,168000,720000,-552000,-743000,134000,877000,2653226
20140425,22688212,9285545,13402667,108000,316000,-208000,-641055,1377000,2018055,12553612
20140428,7503422,4983000,2520422,200000,0,200000,-163000,1077000,1240000,2557422
20140429,10678660,4061000,6617660,602000,2000,600000,-1014000,667000,1681000,6203660
20140430,10140760,14921657,-4780897,5000,38000,-33000,387000,1204000,817000,-4426897
20140502,27235280,3114189,24121091,154000,464000,-310000,2241000,3366000,1125000,26052091
20140505,9975926,3350000,6625926,240000,20000,220000,-2218000,517000,2735000,4627926
20140506,7221100,2149000,5072100,375000,0,375000,929000,1697000,768000,6376100
20140507,13539100,10105000,3434100,52000,293000,-241000,-1373086,393000,1766086,1820014
20140508,12292000,4124237,8167763,380000,240000,140000,-2149000,365000,2514000,6158763
20140509,13736230,4618192,9118038,140000,257000,-117000,-1686000,617000,2303000,7315038
20140512,10744912,17380362,-6635450,97000,530000,-433000,1401000,2224000,823000,-5667450
20140513,8454000,2839822,5614178,0,786000,-786000,-937012,624988,1562000,3891166
20140514,14400000,6078889,8321111,0,1218000,-1218000,69281,964281,895000,7172392
20140515,12437000,12542000,-105000,982000,712000,270000,97000,887000,790000,262000
20140516,8600019,6578710,2021309,8000,262000,-254000,-512000,420000,932000,1255309
20140519,16313000,3442738,12870262,220000,18000,202000,-512000,425000,937000,12560262
20140520,27609200,7916414,19692786,220000,7000,213000,1644000,3884000,2240000,21549786
20140521,8264650,4080071,4184579,137000,1000,136000,-1184000,1261000,2445000,3136579
20140522,10533000,6854595,3678405,2406000,0,2406000,1497000,2289000,792000,7581405
20140523,24464100,8352411,16111689,1201000,43000,1158000,-4467000,140000,4607000,12802689
20140526,3886000,4829750,-943750,515000,147000,368000,-185000,975000,1160000,-760750
20140527,8680000,4455310,4224690,175000,112000,63000,1100987,1568987,468000,5388677
20140528,17832401,8569891,9262510,436000,37000,399000,-660000,259000,919000,9001510
20140529,16199325,5624318,10575007,0,204000,-204000,-1240000,555000,1795000,9131007
20140530,19640890,21041768,-1400878,739000,18000,721000,284000,1088000,804000,-395878
20140603,9994000,8553463,1440537,0,4000,-4000,602000,1088000,486000,2038537
20140604,6181000,5033659,1147341,321000,50000,271000,-505000,315000,820000,913341
20140605,6807349,4948550,1858799,78000,0,78000,-286000,710000,996000,1650799
20140606,7535900,4990764,2545136,500000,7000,493000,-95000,709000,804000,2943136
20140609,6885000,2602810,4282190,0,9000,-9000,712000,811000,99000,4985190
20140610,9668270,1711300,7956970,884000,154000,730000,1286000,2138000,852000,9972970
20140611,6815169,2664126,4151043,1068000,148000,920000,-791000,542000,1333000,4280043
20140612,6086349,5838000,248349,520000,74000,446000,316000,531000,215000,1010349
20140613,5417070,4679151,737919,40000,502000,-462000,512000,658000,146000,787919
20140616,7196780,7047502,149278,228000,95000,133000,117000,2966000,2849000,399278
20140617,12129946,7689749,4440197,28000,40000,-12000,5877000,7115000,1238000,10305197
20140618,18695400,6961400,11734000,102000,2000,100000,-4500000,1749000,6249000,7334000
20140619,11073045,8050484,3022561,120000,59000,61000,-883840,256000,1139840,2199721
20140620,9174000,4012985,5161015,812000,710000,102000,338000,1094000,756000,5601015
20140623,29155650,6913376,22242274,2419000,2000,2417000,6953000,8808000,1855000,31612274
20140624,18768520,6442101,12326419,2455000,114000,2341000,-2883030,1629970,4513000,11784389
20140625,7673331,8108813,-435482,1640000,16000,1624000,634000,1337000,703000,1822518
20140626,18230340,7639502,10590838,792000,0,792000,-1183025,1105975,2289000,10199813
20140627,17408120,8115418,9292702,634000,104000,530000,-2237000,645000,2882000,7585702
20140630,22439965,8565015,13874950,998000,55000,943000,1507960,2790960,1283000,16325910
20140701,16154100,3019672,13134428,1098000,363000,735000,1088000,1946000,858000,14957428
20140702,19011740,5860717,13151023,2846000,79231,2766769,-595000,1820000,2415000,15322792
20140703,13697100,7323600,6373500,1238000,17000,1221000,-1325000,408000,1733000,6269500
20140704,5130484,9289561,-4159077,678000,30000,648000,543798,789798,246000,-2967279
20140707,5471926,7652874,-2180948,389000,2000,387000,1664000,2340000,676000,-129948
20140708,7452717,6733406,719311,795000,7000,788000,-455000,333000,788000,1052311
20140709,10033770,6827716,3206054,357000,0,357000,-371000,497000,868000,3192054
20140710,20385004,7198546,13186458,310000,259000,51000,1773000,2450000,677000,15010458
20140711,8735638,13332507,-4596869,1955000,50000,1905000,122000,3679000,3557000,-2569869
20140714,16410200,30197203,-13787003,1161000,294000,867000,-699000,994000,1693000,-13619003
20140715,17530565,20107303,-2576738,1438000,101000,1337000,-363040,1238960,1602000,-1602778
20140716,13030825,15756787,-2725962,506000,569000,-63000,1851000,2674000,823000,-937962
20140717,20935996,14755963,6180033,136000,24000,112000,-143020,1094980,1238000,6149013
20140718,10478921,9103260,1375661,1134000,31000,1103000,1191000,1524000,333000,3669661
20140721,15903279,6218316,9684963,423000,20000,403000,1364000,2046000,682000,11451963
20140722,13938100,10167360,3770740,897000,81000,816000,133000,1434000,1301000,4719740
20140724,21792975,18862754,2930221,140000,100000,40000,727000,1209000,482000,3697221
20140725,7452000,11588535,-4136535,1715000,72000,1643000,-933000,810000,1743000,-3426535
20140728,15138800,19336800,-4198000,130000,202000,-72000,433000,1645000,1212000,-3837000
20140729,22313000,18534600,3778400,178000,426000,-248000,542990,1427990,885000,4073390
20140730,15662100,17111280,-1449180,147000,140000,7000,1681000,2877000,1196000,238820
20140731,11144986,14134639,-2989653,190000,60000,130000,-540000,1906000,2446000,-3399653
20140801,9374029,11672328,-2298299,449000,753000,-304000,533000,1813000,1280000,-2069299
20140804,11730345,6644340,5086005,258000,58000,200000,1036000,1771000,735000,6322005
20140805,11322520,20657663,-9335143,8000,0,8000,-2006970,1376000,3382970,-11334113
20140806,8730000,6454025,2275975,99000,313000,-214000,1360000,2172000,812000,3421975
20140807,7173502,6288355,885147,159000,99000,60000,429000,1097000,668000,1374147
20140808,6648228,9982972,-3334744,1414000,0,1414000,-944000,816000,1760000,-2864744
20140811,5157000,8844131,-3687131,2626000,37000,2589000,1766000,3479000,1713000,667869
20140812,5209365,11889984,-6680619,791000,90000,701000,208000,1363000,1155000,-5771619
20140813,14754900,8134466,6620434,128600,382000,-253400,-33000,1173000,1206000,6334034
20140814,10607000,5743125,4863875,402000,565000,-163000,1048000,3018000,1970000,5748875
20140815,7329134,20217920,-12888786,718000,103000,615000,515000,970000,455000,-11758786
20140818,6603150,9115172,-2512022,187000,58000,129000,-466000,244000,710000,-2849022
20140819,6721255,7976015,-1254760,941000,0,941000,495000,1211000,716000,181240
20140820,11929421,11394333,535088,315000,11000,304000,-2226000,1752000,3978000,-1386912
20140821,5977000,4836486,1140514,13000,7000,6000,205000,1413000,1208000,1351514
20140822,15146328,3241360,11904968,520000,0,520000,1890000,2588000,698000,14314968
20140825,4022000,3065422,956578,1062000,0,1062000,3444000,3704000,260000,5462578
20140826,6375836,10200667,-3824831,118000,0,118000,7172960,7719960,547000,3466129
20140827,12749942,6835338,5914604,325000,0,325000,20230152,20517420,287268,26469756
20140828,11683265,9105309,2577956,1065000,35000,1030000,-27536600,1328400,28865000,-23928644
20140829,10806800,10526871,279929,594000,143000,451000,-7043000,608000,7651000,-6312071
20140901,5758120,13014000,-7255880,200000,231000,-31000,59000,635000,576000,-7227880
20140902,2368700,5720489,-3351789,100000,391000,-291000,-2426000,121000,2547000,-6068789
20140903,11027247,15070781,-4043534,67000,361000,-294000,809000,1668000,859000,-3528534
20140904,9168755,18615400,-9446645,1244000,998000,246000,-975000,808000,1783000,-10175645
20140905,14527552,12058744,2468808,176000,526000,-350000,-384000,1905000,2289000,1734808
20140909,15155444,7179938,7975506,317000,93000,224000,-870000,986000,1856000,7329506
20140910,5556000,19932000,-14376000,0,966000,-966000,-356000,904000,1260000,-15698000
20140911,6346000,6575357,-229357,1000000,820000,180000,-255000,180000,435000,-304357
20140912,7470033,9320308,-1850275,141000,263000,-122000,-1987000,712000,2699000,-3959275
20140915,8861848,5194080,3667768,548000,233000,315000,954000,1530000,576000,4936768
20140916,1749366,8389000,-6639634,102000,260000,-158000,233000,1356000,1123000,-6564634
20140917,10414000,11167308,-753308,753000,60000,693000,1080995,2800995,1720000,1020687
20140918,11632417,6873229,4759188,232000,33000,199000,795000,1222000,427000,5753188
20140919,9079000,19337887,-10258887,771000,515000,256000,1549923,2757600,1207677,-8452964
20140922,3720191,12490159,-8769968,231035,503000,-271965,-676000,1241000,1917000,-9717933
20140923,7989000,8457600,-468600,668000,500000,168000,472000,614000,142000,171400
20140924,5448736,7521304,-2072568,1004000,130000,874000,687000,1142000,455000,-511568
20140925,9691400,16506491,-6815091,1376000,32000,1344000,1501000,3011000,1510000,-3970091
20140926,13192492,30791578,-17599086,10000,780000,-770000,170000,2636000,2466000,-18199086
20140929,15257000,28204669,-12947669,91000,806000,-715000,711000,2014000,1303000,-12951669
20140930,18540762,22663488,-4122726,215000,899024,-684024,-3702000,1655000,5357000,-8508750
20141001,12092100,11529500,562600,153000,121000,32000,1551000,2385000,834000,2145600
20141002,7589000,14597015,-7008015,5000,6000,-1000,592000,817000,225000,-6417015
20141003,9590811,7625575,1965236,276000,10000,266000,593000,1399000,806000,2824236
20141006,9474442,17246790,-7772348,213000,2000,211000,168000,861000,693000,-7393348
20141007,14968484,13904135,1064349,17000,906000,-889000,-2860000,547000,3407000,-2684651
20141008,10836164,13650332,-2814168,18000,19000,-1000,521000,896000,375000,-2294168
20141009,14793864,14681411,112453,0,250000,-250000,53000,1329000,1276000,-84547
20141013,10979776,19901632,-8921856,130000,0,130000,-1530400,601600,2132000,-10322256
20141014,10894480,18481190,-7586710,548000,0,548000,-192000,780000,972000,-7230710
20141015,41040760,47712864,-6672104,22000,2613800,-2591800,-1392000,3113000,4505000,-10655904
20141016,16666030,18414210,-1748180,31000,884000,-853000,59000,2686000,2627000,-2542180
20141017,10615000,32935940,-22320940,25000,253000,-228000,-3270000,1426000,4696000,-25818940
20141020,12284433,8417504,3866929,649600,22000,627600,2687000,3453000,766000,7181529
20141021,13747000,13479300,267700,684000,30000,654000,-1114000,1297000,2411000,-192300
20141022,11335236,12466976,-1131740,679000,0,679000,1065000,2459000,1394000,612260
20141023,17617066,5967543,11649523,293000,250000,43000,-1449953,178000,1627953,10242570
20141024,3417000,10491671,-7074671,32000,0,32000,-494000,1076000,1570000,-7536671
20141027,14330000,7008899,7321101,0,4000,-4000,345000,805000,460000,7662101
20141028,22153000,13367600,8785400,514000,0,514000,1948000,2358000,410000,11247400
20141029,12741298,14890000,-2148702,641000,246000,395000,1023000,1916000,893000,-730702
20141030,9476476,6864500,2611976,584000,550000,34000,233000,601000,368000,2878976
20141031,16092769,16787215,-694446,0,55000,-55000,1556000,2092000,536000,806554
20141103,17944140,6649000,11295140,697000,8000,689000,1999699,3206699,1207000,13983839
20141104,10171596,2666793,7504803,140000,180000,-40000,-973000,772000,1745000,6491803
20141105,9853640,2765358,7088282,0,43000,-43000,5000,677000,672000,7050282
20141106,5378270,10842138,-5463868,35000,60000,-25000,1350514,2843000,1492486,-4138354
20141107,5028000,8186467,-3158467,0,132000,-132000,1262000,1790000,528000,-2028467
20141110,16193600,6882318,9311282,0,6000,-6000,4158000,5091000,933000,13463282
20141111,9468000,2386622,7081378,119000,0,119000,-1820000,378000,2198000,5380378
20141112,8639739,14764160,-6124421,46000,485000,-439000,-199000,1335000,1534000,-6762421
20141113,9186004,5690504,3495500,50000,594000,-544000,-87877,1603123,1691000,2863623
20141114,8292855,13924185,-5631330,0,1945000,-1945000,-581000,857000,1438000,-8157330
20141117,4650001,18855548,-14205547,0,683000,-683000,-1239296,824000,2063296,-16127843
20141118,8893495,7399743,1493752,21000,250000,-229000,165160,697680,532520,1429912
20141119,21275092,16719779,4555313,133000,123600,9400,-799258,1076200,1875458,3765455
20141120,11066000,11586643,-520643,58000,768000,-710000,563000,1195000,632000,-667643
20141121,7179800,10760162,-3580362,50000,3488400,-3438400,-95401,2095000,2190401,-7114163
20141124,4444000,6525926,-2081926,0,709800,-709800,-117200,427000,544200,-2908926
20141125,15475091,13160178,2314913,80000,251000,-171000,-306000,314000,620000,1837913
20141126,2985223,4797600,-1812377,902000,140177,761823,5235520,5789000,553480,4184966
20141127,5599106,4275274,1323832,0,50000,-50000,-195440,1519000,1714440,1078392
20141128,8928300,5734716,3193584,0,66000,-66000,-547000,500000,1047000,2580584
20141201,5078356,11319670,-6241314,0,1317000,-1317000,-82200,701000,653200,47800,1431000,1561000,-130000,-7640514
20141202,8467000,25155246,-16688246,176000,5181800,-5005800,-3485000,117000,681600,-564600,478000,3398400,-2920400,-25179046
20141203,8628000,14430943,-5802943,0,3452000,-3452000,2954970,240000,6200,233800,2891000,169830,2721170,-6299973
20141204,7272863,5846568,1426295,0,765432,-765432,205000,120000,68000,52000,1373000,1220000,153000,865863
20141205,6810051,29273779,-22463728,42000,5533960,-5491960,-378400,131000,76400,54600,731000,1164000,-433000,-28334088
20141208,4306508,29167564,-24861056,0,2297739,-2297739,-1453400,116000,803400,-687400,270000,1036000,-766000,-28612195
20141209,15186639,44291784,-29105145,0,7292539,-7292539,-1257000,34000,523000,-489000,685000,1453000,-768000,-37654684
20141210,8890630,36709826,-27819196,0,1141640,-1141640,-1770240,50000,1771640,-1721640,701000,749600,-48600,-30731076
20141211,15643137,33634993,-17991856,200000,1137193,-937193,344606,9000,569394,-560394,1579000,674000,905000,-18584443
20141212,9245650,24854626,-15608976,49000,983680,-934680,-2694000,6000,353000,-347000,634000,2981000,-2347000,-19237656
20141215,10319346,24181915,-13862569,0,2479600,-2479600,-2606000,31000,0,31000,206000,2843000,-2637000,-18948169
20141216,9394540,53499487,-44104947,18000,2087200,-2069200,1313000,394000,151000,243000,1788000,718000,1070000,-44861147
20141217,16483562,64300548,-47816986,77000,1783240,-1706240,-1024000,93000,11000,82000,1818000,2924000,-1106000,-50547226
20141218,7448680,25265880,-17817200,0,211000,-211000,594000,193000,656000,-463000,2425000,1368000,1057000,-17434200
20141219,11886000,11652203,233797,320000,724440,-404440,2163000,550000,266000,284000,3279000,1400000,1879000,1992357
20141222,7635040,8663182,-1028142,0,251240,-251240,6357000,1581000,142000,1439000,5768000,850000,4918000,5077618
20141223,3823000,5304240,-1481240,50000,179000,-129000,246000,534000,107000,427000,343000,524000,-181000,-1364240
20141224,6242000,2777000,3465000,0,810920,-810920,76000,485000,160000,325000,362000,611000,-249000,2730080
20141225,1707000,982000,725000,0,91000,-91000,-380000,170000,8000,162000,470000,1012000,-542000,254000
20141226,3327000,1402371,1924629,0,677560,-677560,-167000,125000,50000,75000,198000,440000,-242000,1080069
20141227,11000,200000,-189000,0,107200,-107200,528000,185000,0,185000,496000,153000,343000,231800
20141229,11104676,12323459,-1218783,0,1238560,-1238560,-1508000,50000,474000,-424000,279000,1363000,-1084000,-3965343
20141230,10316370,9481247,835123,0,294524,-294524,-101000,667000,119000,548000,157000,806000,-649000,439599
20141231,5166160,6458187,-1292027,0,911720,-911720,-523000,960000,371000,589000,58000,1170000,-1112000,-2726747
20150105,4584005,15867734,-11283729,0,986000,-986000,-626160,10000,82000,-72000,167000,721160,-554160,-12895889
20150106,8756209,43699998,-34943789,0,1078560,-1078560,-2906000,55000,329000,-274000,77000,2709000,-2632000,-38928349
20150107,9351253,18131012,-8779759,0,852000,-852000,521400,0,405600,-405600,1380000,453000,927000,-9110359
20150108,11424605,7197012,4227593,0,845080,-845080,3804953,1604000,1158000,446000,3424972,66019,3358953,7187466
20150109,3609535,5917878,-2308343,0,119400,-119400,-2499000,11000,1517000,-1506000,702000,1695000,-993000,-4926743
20150112,4328745,8095432,-3766687,200000,249160,-49160,-1284000,2000,600000,-598000,149000,835000,-686000,-5099847
20150113,11879900,11440947,438953,0,634000,-634000,-487000,2000,205000,-203000,879000,1163000,-284000,-682047
20150114,7549580,11928209,-4378629,0,4000,-4000,-1039000,0,111000,-111000,152000,1080000,-928000,-5421629
20150115,7022000,19633138,-12611138,0,45000,-45000,-1841000,0,1672000,-1672000,262000,431000,-169000,-14497138
20150116,6454029,23280411,-16826382,31000,116680,-85680,-2331017,0,98000,-98000,29000,2262017,-2233017,-19243079
20150119,7615000,7405676,209324,0,7000,-7000,-1790000,8000,205000,-197000,309000,1902000,-1593000,-1587676
20150120,7458029,5130820,2327209,130000,559800,-429800,1602000,122000,0,122000,1725000,245000,1480000,3499409
20150121,16293851,15646043,647808,0,291000,-291000,-212010,9000,9000,0,185000,397010,-212010,144798
20150122,11746368,10407066,1339302,0,592040,-592040,54989,15000,0,15000,323989,284000,39989,802251
20150123,14994612,9546248,5448364,714000,738000,-24000,10990000,805000,5000,800000,10566000,376000,10190000,16414364
20150126,23414700,10757725,12656975,1813000,165120,1647880,241000,870000,705000,165000,2635000,2559000,76000,14545855
20150127,10666569,7391886,3274683,591000,257000,334000,-2345000,150000,1007000,-857000,615000,2103000,-1488000,1263683
20150128,9228600,9672603,-444003,1132000,62000,1070000,-633000,280000,0,280000,287000,1200000,-913000,-7003
20150129,9320000,13182048,-3862048,267000,133470,133530,-2833000,225000,190000,35000,206000,3074000,-2868000,-6561518
20150130,11008000,13954536,-2946536,0,484000,-484000,140000,201000,112000,89000,688000,637000,51000,-3290536
20150202,11639000,17684076,-6045076,50000,123000,-73000,-1219000,75000,128000,-53000,182000,1348000,-1166000,-7337076
20150203,5810000,7201521,-1391521,314000,54000,260000,2565000,431000,110000,321000,2621000,377000,2244000,1433479
20150204,19882286,19919828,-37542,200000,64720,135280,719989,256000,0,256000,862000,398011,463989,817727
20150205,11892000,11559210,332790,1003000,82760,920240,-1322010,66000,51000,15000,160000,1497010,-1337010,-68980
20150206,10454000,7429639,3024361,45000,0,45000,-701000,0,134000,-134000,305000,872000,-567000,2368361
20150209,8898381,9702965,-804584,108000,317800,-209800,-112000,101000,56000,45000,130000,287000,-157000,-1126384
20150210,5905000,22720356,-16815356,0,198000,-198000,-2624000,312000,489000,-177000,143000,2590000,-2447000,-19637356
20150211,8384860,23403152,-15018292,0,922870,-922870,-687000,76000,422000,-346000,169000,510000,-341000,-16628162
20150212,7357358,23411388,-16054030,0,874520,-874520,5139000,605000,122000,483000,5021000,365000,4656000,-11789550
20150213,10890000,7308851,3581149,0,78000,-78000,-4422000,370000,421000,-51000,818000,5189000,-4371000,-918851
20150224,22957500,43440150,-20482650,29000,0,29000,2660000,1121000,287000,834000,2090000,264000,1826000,-17793650
20150225,14228055,12207521,2020534,0,566000,-566000,-738007,17000,288000,-271000,460000,927007,-467007,716527
20150226,23553410,15765679,7787731,135000,284000,-149000,2728000,412000,95000,317000,2849000,438000,2411000,10366731
20150302,17615006,15626160,1988846,11000,0,11000,-347000,38000,38000,0,320000,667000,-347000,1652846
20150303,7046740,9678107,-2631367,195000,160000,35000,-339000,32000,200000,-168000,546000,717000,-171000,-2935367
20150304,20082680,8148936,11933744,5000,139000,-134000,7735000,1321000,58000,1263000,7225000,753000,6472000,19534744
20150305,13076000,16064755,-2988755,1175000,19000,1156000,-1274562,2075000,498000,1577000,1310000,4161562,-2851562,-3107317
20150306,11374000,10281793,1092207,543000,234000,309000,-2238000,1246000,216000,1030000,478000,3746000,-3268000,-836793
20150309,7033068,12386418,-5353350,0,14000,-14000,-1878756,284000,857000,-573000,207000,1512756,-1305756,-7246106
20150310,3201180,12553829,-9352649,0,99000,-99000,-1229000,280000,770000,-490000,286000,1025000,-739000,-10680649
20150311,6855080,14247520,-7392440,0,97000,-97000,-1061000,133000,16000,117000,1463000,2641000,-1178000,-8550440
20150312,11268000,29359115,-18091115,28000,185924,-157924,303956,46000,288044,-242044,1182000,636000,546000,-17945083
20150313,13903000,15112122,-1209122,156000,0,156000,2230000,230000,167000,63000,2849000,682000,2167000,1176878
20150316,11403050,25483226,-14080176,31000,30000,1000,-413000,161000,56000,105000,608000,1126000,-518000,-14492176
20150317,11070934,18710976,-7640042,101000,6000,95000,446993,570000,1483000,-913000,2568000,1208007,1359993,-7098049
20150318,17273427,26100155,-8826728,1337000,0,1337000,258400,376000,364600,11400,1638000,1391000,247000,-7231328
20150319,30542360,21413495,9128865,2097000,24000,2073000,22240000,5156000,1466000,3690000,19301000,751000,18550000,33441865
20150320,42738000,15864952,26873048,1610000,105000,1505000,-6639000,3317000,2455000,862000,4492000,11993000,-7501000,21739048
20150323,24135600,7786369,16349231,1591000,7000,1584000,-1443000,2342000,640000,1702000,1792000,4937000,-3145000,16490231
20150324,19507922,8859513,10648409,532000,32000,500000,-3056000,401000,677000,-276000,1048000,3828000,-2780000,8092409
20150325,20228719,7185693,13043026,565000,5000,560000,-97552,410000,814000,-404000,2066448,1760000,306448,13505474
20150326,22005556,17061688,4943868,1384000,0,1384000,1291000,878000,494000,384000,1886000,979000,907000,7618868
20150327,9325200,15446317,-6121117,746000,229000,517000,514000,1020000,2540000,-1520000,3057000,1023000,2034000,-5090117
20150330,11899450,11771849,127601,376000,60000,316000,5081905,1274000,1221000,53000,5411905,383000,5028905,5525506
20150331,18773260,39083563,-20310303,572000,1755000,-1183000,-11821785,835000,7373000,-6538000,1311000,6594785,-5283785,-33315088
20150401,17640012,14210056,3429956,108000,560000,-452000,754560,192000,240440,-48440,2428000,1625000,803000,3732516
20150402,27747830,4026315,23721515,499000,195000,304000,-1544000,375000,657000,-282000,1907000,3169000,-1262000,22481515
20150407,15177032,3820946,11356086,324000,820000,-496000,-721000,9000,220000,-211000,706000,1216000,-510000,10139086
20150408,20343000,14984756,5358244,36000,143000,-107000,-119000,44000,114000,-70000,801000,850000,-49000,5132244
20150409,12446000,15916004,-3470004,0,807000,-807000,303000,273000,360000,-87000,1485000,1095000,390000,-3974004
20150410,23519369,17436647,6082722,27000,199000,-172000,1153340,111000,140000,-29000,1988340,806000,1182340,7064062
20150413,7521000,4442318,3078682,30000,785000,-755000,787000,61000,67000,-6000,1429000,636000,793000,3110682
20150414,13090000,2758698,10331302,0,531000,-531000,1100000,1200000,167000,1033000,1504000,1437000,67000,10900302
20150415,7775000,27040819,-19265819,42000,1334000,-1292000,858000,308000,41000,267000,1136000,545000,591000,-19699819
20150416,18623000,3311080,15311920,17000,713000,-696000,-1154000,50000,193000,-143000,1284000,2295000,-1011000,13461920
20150417,13357805,12711455,646350,0,634000,-634000,-1079000,3000,93000,-90000,1328000,2317000,-989000,-1066650
20150420,16475000,8647965,7827035,0,360000,-360000,-670960,22000,135000,-113000,1418000,1975960,-557960,6796075
20150421,12166000,12580340,-414340,14000,283000,-269000,599000,0,0,0,1462000,863000,599000,-84340
20150422,14806052,18722036,-3915984,697000,103000,594000,1204000,760000,68000,692000,1259000,747000,512000,-2117984
20150423,22862911,8868081,13994830,0,1373000,-1373000,6967000,3099000,326000,2773000,5077000,883000,4194000,19588830
20150424,49207801,8140393,41067408,533000,493000,40000,-181000,831000,647000,184000,2736000,3101000,-365000,40926408
20150427,16727000,4654580,12072420,1633000,350000,1283000,4634000,2050000,1000,2049000,3461000,876000,2585000,17989420
20150428,17999000,12633399,5365601,10000,28000,-18000,1214000,411000,742000,-331000,2415000,870000,1545000,6561601
20150429,13140000,9264100,3875900,0,1445560,-1445560,-4048000,448000,3938000,-3490000,1377000,1935000,-558000,-1617660
20150430,18960000,20067618,-1107618,100000,305360,-205360,488000,72000,34000,38000,1655000,1205000,450000,-824978
20150504,16424920,8552794,7872126,300000,56000,244000,-258000,68000,363000,-295000,1309000,1272000,37000,7858126
20150505,13736032,5566618,8169414,27000,414000,-387000,-823000,0,16000,-16000,981000,1788000,-807000,6959414
20150506,12586100,5016457,7569643,0,1233000,-1233000,1267000,266000,80000,186000,2471000,1390000,1081000,7603643
20150507,12003803,12865437,-861634,0,339000,-339000,-2249000,40000,934000,-894000,910000,2265000,-1355000,-3449634
20150508,12309880,9252846,3057034,89000,376000,-287000,-2436000,7000,257000,-250000,1365000,3551000,-2186000,334034
20150511,12505500,7396688,5108812,107000,550000,-443000,-499000,228000,60000,168000,1799000,2466000,-667000,4166812
20150512,6615179,7115558,-500379,44000,599000,-555000,553000,229000,133000,96000,1079000,622000,457000,-502379
20150513,19514018,3295106,16218912,300000,500000,-200000,3719000,682000,67000,615000,3727000,623000,3104000,19737912
20150514,9201300,12519271,-3317971,639000,656,638344,-1768000,501000,293000,208000,799000,2775000,-1976000,-4447627
20150515,5607420,5564124,43296,40000,254000,-214000,-1282000,0,589000,-589000,1622000,2315000,-693000,-1452704
20150518,78266932,6489615,71777317,2309000,0,2309000,6360000,121000,582000,-461000,8845000,2024000,6821000,80446317
20150519,61577056,4121296,57455760,1025000,169000,856000,-6148000,1923000,335000,1588000,2103000,9839000,-7736000,52163760
20150520,15877000,9344267,6532733,301000,0,301000,-561000,842000,564000,278000,981000,1820000,-839000,6272733
20150521,15533000,14335157,1197843,226000,8000,218000,2170000,1045000,135000,910000,2428000,1168000,1260000,3585843
20150522,12528800,2667185,9861615,119000,105000,14000,-450261,655000,298000,357000,1022739,1830000,-807261,9425354
20150525,6692000,4099120,2592880,545000,0,545000,2450966,1154000,80000,1074000,1630966,254000,1376966,5588846
20150526,12248000,3490080,8757920,577000,27000,550000,-391000,201000,370000,-169000,691000,913000,-222000,8916920
20150527,17721384,10494615,7226769,362000,48000,314000,-563000,166000,382000,-216000,441000,788000,-347000,6977769
20150528,31435165,14218331,17216834,1253000,46000,1207000,3878000,622000,170000,452000,3721000,295000,3426000,22301834
20150529,66717470,46920993,19796477,500000,23000,477000,-652000,550000,313000,237000,886000,1775000,-889000,19621477
20150601,10859900,21076015,-10216115,188000,120000,68000,-1551000,290000,425000,-135000,451000,1867000,-1416000,-11699115
20150602,21431383,10755458,10675925,196000,50000,146000,-2124522,722000,460000,262000,285478,2672000,-2386522,8697403
20150603,9709000,8907864,801136,29000,0,29000,-555000,912000,160000,752000,1028000,2335000,-1307000,275136
20150604,20912000,23219066,-2307066,25000,573,24427,-3294000,1123000,2305000,-1182000,424000,2536000,-2112000,-5576639
20150605,10583300,20884253,-10300953,2000,18000,-16000,-1334000,287000,1025000,-738000,1433000,2029000,-596000,-11650953
20150608,12093731,15433008,-3339277,0,0,0,-1368014,33000,21000,12000,512986,1893000,-1380014,-4707291
20150609,10153100,9856089,297011,0,223000,-223000,-2201000,55000,643000,-588000,712000,2325000,-1613000,-2126989
20150610,24287100,10687000,13600100,256000,26200,229800,-797000,172000,616000,-444000,1743000,2096000,-353000,13032900
20150611,26180000,25763481,416519,159000,70000,89000,566000,45000,93000,-48000,2126000,1512000,614000,1071519
20150612,6307100,6345006,-37906,24000,22000,2000,-76000,0,0,0,2623000,2699000,-76000,-111906
20150615,6080426,10249015,-4168589,117000,0,117000,-1271000,90000,0,90000,1444000,2805000,-1361000,-5322589
20150616,17298000,12492902,4805098,13000,39000,-26000,-359000,0,0,0,1465000,1824000,-359000,4420098
20150617,14737357,19547547,-4810190,200000,86000,114000,141880,205000,12120,192880,2349000,2400000,-51000,-4554310
20150618,16264341,16864550,-600209,100000,77000,23000,-73000,193000,21000,172000,2206000,2451000,-245000,-650209
20150622,25845678,8242006,17603672,651000,54000,597000,905000,170000,204000,-34000,2284000,1345000,939000,19105672
20150623,18527000,11905775,6621225,1211000,82000,1129000,-964000,18000,265000,-247000,689000,1406000,-717000,6786225
20150624,15866322,3958356,11907966,321000,108000,213000,1443000,60000,60000,0,1975000,532000,1443000,13563966
20150625,37676365,6379408,31296957,739000,15000,724000,2756000,840000,936000,-96000,5726000,2874000,2852000,34776957
20150626,16218173,6266192,9951981,426000,192000,234000,-1347000,245000,100000,145000,2455000,3947000,-1492000,8838981
20150629,13199000,14619255,-1420255,59000,4000,55000,-2003000,10000,516000,-506000,212000,1709000,-1497000,-3368255
20150630,13602740,16275003,-2672263,145000,258000,-113000,313000,70000,34000,36000,443000,166000,277000,-2472263
20150701,12944380,8234789,4709591,200000,166000,34000,1265016,875000,380000,495000,1124016,354000,770016,6008607
20150702,14357492,9230611,5126881,410000,0,410000,-413000,207000,395000,-188000,409000,634000,-225000,5123881
20150703,3553500,6106705,-2553205,0,66000,-66000,332000,111000,0,111000,552000,331000,221000,-2287205
20150706,9130031,13098990,-3968959,0,233000,-233000,-397000,70000,150000,-80000,120000,437000,-317000,-4598959
20150707,13712500,3604120,10108380,38000,102000,-64000,-1353000,15000,629000,-614000,166000,905000,-739000,8691380
20150708,18698548,24363739,-5665191,24000,340000,-316000,-4324000,8000,656000,-648000,239000,3915000,-3676000,-10305191
20150709,11495100,21047252,-9552152,21000,464000,-443000,-139000,78000,771000,-693000,2191000,1637000,554000,-10134152
20150713,18016000,12356081,5659919,150000,84000,66000,-457000,125000,450000,-325000,726000,858000,-132000,5268919
20150714,16245000,20841025,-4596025,100000,246000,-146000,-78000,169000,75000,94000,1072000,1244000,-172000,-4820025
20150715,14341114,7778352,6562762,71000,182000,-111000,-485000,106000,261000,-155000,975000,1305000,-330000,5966762
20150716,11130462,6476491,4653971,0,60000,-60000,-551000,90000,28000,62000,987000,1600000,-613000,4042971
20150717,11420380,9757937,1662443,561000,70020,490980,308000,190000,140000,50000,503000,245000,258000,2461423
20150720,7693693,5108596,2585097,1297000,151000,1146000,77000,610000,75000,535000,460000,918000,-458000,3808097
20150721,8327100,5715000,2612100,690000,0,690000,1001000,320000,60000,260000,978000,237000,741000,4303100
20150722,13220644,17884193,-4663549,453000,110000,343000,-117000,250000,75000,175000,941000,1233000,-292000,-4437549
20150723,16947979,50986897,-34038918,129000,306000,-177000,-2604640,147000,1173000,-1026000,1773000,3351640,-1578640,-36820558
20150724,7580980,22483330,-14902350,276000,345000,-69000,-840000,410000,800000,-390000,1516000,1966000,-450000,-15811350
20150727,7891540,9473520,-1581980,9000,0,9000,-722000,305000,523000,-218000,886000,1390000,-504000,-2294980
20150728,10268376,19369554,-9101178,244000,0,244000,1729000,1417000,401000,1016000,927000,214000,713000,-7128178
20150729,22027000,15868114,6158886,136000,1028000,-892000,-2755000,138000,1206000,-1068000,1710000,3397000,-1687000,2511886
20150730,7278788,17424602,-10145814,180000,122000,58000,968000,150000,149000,1000,2077000,1110000,967000,-9119814
20150731,15202839,18329914,-3127075,14000,706000,-692000,-921000,48000,91000,-43000,1420000,2298000,-878000,-4740075
20150803,9729372,21783000,-12053628,305000,461000,-156000,-2805000,170000,380000,-210000,940000,3535000,-2595000,-15014628
20150804,13182000,14163174,-981174,180000,367000,-187000,421000,375000,434000,-59000,2717000,2237000,480000,-747174
20150805,8432350,23070317,-14637967,208000,60000,148000,1912000,108000,0,108000,2699000,895000,1804000,-12577967
20150806,7098050,15819700,-8721650,395000,211000,184000,-1369000,2000,23000,-21000,971000,2319000,-1348000,-9906650
20150807,10873000,13243123,-2370123,232000,129000,103000,621000,0,87000,-87000,1739000,1031000,708000,-1646123
20150810,7932000,14738576,-6806576,52000,143000,-91000,-208000,0,24000,-24000,631000,815000,-184000,-7105576
20150811,11813000,25791224,-13978224,728000,0,728000,-825000,245000,305000,-60000,1300000,2065000,-765000,-14075224
20150812,7011000,27824200,-20813200,280000,785000,-505000,-807000,87000,184000,-97000,2119000,2829000,-710000,-22125200
20150813,5968203,17361813,-11393610,37000,610000,-573000,1642000,144000,56000,88000,2641000,1087000,1554000,-10324610
20150814,15464000,19203701,-3739701,615000,78000,537000,-380000,296000,769000,-473000,1626000,1533000,93000,-3582701
20150817,10453723,11966556,-1512833,148000,0,148000,30000,141000,41000,100000,254000,324000,-70000,-1334833
20150818,11367000,7912200,3454800,1000,67000,-66000,-1117000,56000,137000,-81000,380000,1416000,-1036000,2271800
20150819,15334693,13384480,1950213,42000,1000000,-958000,-1356000,31000,171000,-140000,896000,2112000,-1216000,-363787
20150820,11988270,20318776,-8330506,7000,161000,-154000,200000,30000,98000,-68000,1305000,1037000,268000,-8284506
20150821,25843000,17983826,7859174,20000,173000,-153000,-2254000,15000,78000,-63000,551000,2742000,-2191000,5452174
20150824,31551000,33370564,-1819564,100000,195000,-95000,-4372000,254000,242000,12000,3492000,7876000,-4384000,-6286564
20150825,26697000,21597949,5099051,544190,184000,360190,932000,357000,623000,-266000,3036000,1838000,1198000,6391241
20150826,20162000,44717227,-24555227,611000,0,611000,49000,514000,354000,160000,1548000,1659000,-111000,-23895227
20150827,30239317,50994258,-20754941,87000,63000,24000,691000,739000,523000,216000,2333000,1858000,475000,-20039941
20150828,27215100,14787076,12428024,1218000,0,1218000,3495000,655000,175000,480000,6286000,3271000,3015000,17141024
20150831,31648582,26503098,5145484,105000,139000,-34000,4605000,661000,35000,626000,6612000,2633000,3979000,9716484
20150901,20452283,19201032,1251251,195000,275000,-80000,7536304,3570000,158000,3412000,6129000,2004696,4124304,8707555
20150902,27814000,14696454,13117546,666000,857284,-191284,24524834,4306000,319000,3987000,21056000,518166,20537834,37451096
20150903,28799200,13018464,15780736,879000,0,879000,-35695000,352000,4280000,-3928000,574000,32341000,-31767000,-19035264
20150904,9907268,14057444,-4150176,288000,691000,-403000,-7496997,490000,580000,-90000,1133000,8539997,-7406997,-12050173
20150907,5022200,8592588,-3570388,113000,66000,47000,-157000,522000,175000,347000,299000,803000,-504000,-3680388
20150908,3746040,7508388,-3762348,49000,223000,-174000,-216000,170000,318000,-148000,808000,876000,-68000,-4152348
20150909,23872578,7544041,16328537,345000,19000,326000,1624000,1275000,551000,724000,1349000,449000,900000,18278537
20150910,11336041,12588522,-1252481,159000,20000,139000,-134000,594000,140000,454000,353000,941000,-588000,-1247481
20150911,9197300,12362778,-3165478,143000,127000,16000,-759000,370000,366000,4000,381000,1144000,-763000,-3908478
20150914,7997550,5644728,2352822,24000,0,24000,-901000,110000,162000,-52000,77000,926000,-849000,1475822
20150915,8762954,12559439,-3796485,79000,14000,65000,319000,231000,2000,229000,668000,578000,90000,-3412485
20150916,14972000,13030517,1941483,55000,77000,-22000,-2684000,182000,1900000,-1718000,596000,1562000,-966000,-764517
20150917,20972050,17731053,3240997,62000,13000,49000,142000,35000,175000,-140000,869000,587000,282000,3431997
20150918,26049493,27291998,-1242505,3563000,73000,3490000,-1168000,15000,618000,-603000,277000,842000,-565000,1079495
20150921,9491000,20128000,-10637000,97000,732000,-635000,-1018000,290000,341000,-51000,342000,1309000,-967000,-12290000
20150922,15923999,8829526,7094473,32182,145264,-113082,-543000,25000,30000,-5000,36000,574000,-538000,6438391
20150923,14756000,20557466,-5801466,0,196000,-196000,-719754,370000,306000,64000,481000,1264754,-783754,-6717220
20150924,8774003,13310727,-4536724,0,15000,-15000,67000,472000,93000,379000,581000,893000,-312000,-4484724
20150925,13291900,10214583,3077317,1000,21000,-20000,508000,0,53000,-53000,1197000,636000,561000,3565317
20150930,38276790,30605400,7671390,0,0,0,-71000,7000,136000,-129000,852000,794000,58000,7600390
20151001,17850000,12455348,5394652,31000,403000,-372000,690000,124000,312000,-188000,1471000,593000,878000,5712652
20151002,16282150,11220972,5061178,131000,505000,-374000,-253000,71000,27000,44000,572000,869000,-297000,4434178
20151005,13881514,10785538,3095976,28000,251000,-223000,276000,153000,71000,82000,767000,573000,194000,3148976
20151006,17391000,10123830,7267170,34000,162000,-128000,-37500,309500,92000,217500,695000,950000,-255000,7101670
20151007,20070666,11639833,8430833,96000,108000,-12000,254000,35000,31000,4000,769000,519000,250000,8672833
20151008,14333620,8726300,5607320,200000,639000,-439000,68000,181000,120000,61000,797000,790000,7000,5236320
20151012,32611550,10078978,22532572,153000,306000,-153000,462000,82000,551000,-469000,1353000,422000,931000,22841572
20151013,17785687,15267617,2518070,0,437000,-437000,391741,40000,10000,30000,636000,274259,361741,2472811
20151014,10083000,12994922,-2911922,128000,611000,-483000,-156000,1000,148000,-147000,857000,866000,-9000,-3550922
20151015,32882172,12998434,19883738,0,10000,-10000,-1313000,264000,463000,-199000,1308000,2422000,-1114000,18560738
20151016,20255200,5412047,14843153,32000,116000,-84000,-1499000,76000,551000,-475000,363000,1387000,-1024000,13260153
20151019,18820850,14119883,4700967,35000,10000,25000,-547000,70000,184000,-114000,116000,549000,-433000,4178967
20151020,16057302,13852000,2205302,0,177000,-177000,57000,23000,189000,-166000,263000,40000,223000,2085302
20151021,8809000,8896900,-87900,0,120000,-120000,1014000,270000,462000,-192000,1595000,389000,1206000,806100
20151022,12595011,14218950,-1623939,53000,160000,-107000,61000,218000,55000,163000,363000,465000,-102000,-1669939
20151023,22777647,7862317,14915330,80000,362000,-282000,-1081000,67000,545000,-478000,328000,931000,-603000,13552330
20151026,25805000,6425000,19380000,727000,77000,650000,374000,331000,427000,-96000,1048000,578000,470000,20404000
20151027,27004560,17815381,9189179,150000,81000,69000,-380000,277000,584000,-307000,876000,949000,-73000,8878179
20151028,10327340,11315598,-988258,27000,301642,-274642,952000,440000,110000,330000,776000,154000,622000,-310900
20151029,12897755,21336238,-8438483,80000,111000,-31000,890000,372000,135000,237000,920000,267000,653000,-7579483
20151030,16181668,16475578,-293910,463000,90000,373000,431000,322000,211000,111000,553000,233000,320000,510090
20151102,12873920,7611600,5262320,0,281601,-281601,-337415,0,270000,-270000,309585,377000,-67415,4643304
20151103,18540842,8860910,9679932,300000,1107000,-807000,219550,167050,397500,-230450,879000,429000,450000,9092482
20151104,27582701,6043043,21539658,155000,149500,5500,1418622,873000,435378,437622,1714000,733000,981000,22963780
20151105,9499840,9339522,160318,1000,67924,-66924,879001,488000,20000,468000,932001,521000,411001,972395
20151106,6936638,28238438,-21301800,0,127000,-127000,2166050,928000,120400,807600,2048000,689550,1358450,-19262750
20151109,4256620,12524159,-8267539,100000,1271350,-1171350,-507000,100000,582000,-482000,433000,458000,-25000,-9945889
20151110,4671969,28159582,-23487613,0,44000,-44000,386900,258000,168000,90000,599000,302100,296900,-23144713
20151111,6153818,27256046,-21102228,3000,776000,-773000,-1010500,164000,1152500,-988500,806000,828000,-22000,-22885728
20151112,3940728,13686856,-9746128,0,209000,-209000,256599,60000,10401,49599,625000,418000,207000,-9698529
20151113,9439348,19359882,-9920534,0,654900,-654900,508000,206000,49000,157000,753000,402000,351000,-10067434
20151116,7194495,28321797,-21127302,0,296030,-296030,438000,225000,27000,198000,535000,295000,240000,-20985332
20151117,22397817,11840691,10557126,131000,865546,-734546,961700,0,601000,-601000,2159000,596300,1562700,10784280
20151118,19003301,13491022,5512279,4000,296850,-292850,-1877867,161000,108000,53000,149000,2079867,-1930867,3341562
20151119,11963500,6442773,5520727,100000,120000,-20000,-784000,9000,50000,-41000,256000,999000,-743000,4716727
20151120,22161000,6387174,15773826,0,1279000,-1279000,-517000,28000,125000,-97000,198000,618000,-420000,13977826
20151123,11634703,9911998,1722705,0,45450,-45450,-1796000,149000,30000,119000,130000,2045000,-1915000,-118745
20151124,12343269,12264749,78520,0,121550,-121550,-131000,82000,60000,22000,173000,326000,-153000,-174030
20151125,8562872,7576022,986850,605000,500000,105000,213000,30000,5000,25000,409000,221000,188000,1304850
20151126,15862951,4295072,11567879,0,0,0,75001,5000,150000,-145000,479001,259000,220001,11642880
20151127,8678640,7425149,1253491,0,583350,-583350,620000,150000,0,150000,648000,178000,470000,1290141
20151130,52898047,55270062,-2372015,25000,714000,-689000,-36500,232000,303500,-71500,798000,763000,35000,-3097515
20151201,34409097,13944237,20464860,9000,1000,8000,-402700,0,51700,-51700,292000,643000,-351000,20070160
20151202,15683233,10144614,5538619,0,1479000,-1479000,180000,318000,22000,296000,320000,436000,-116000,4239619
20151203,7765258,9481339,-1716081,6000,1028000,-1022000,349000,240000,0,240000,227000,118000,109000,-2389081
20151204,9817941,15477219,-5659278,0,180900,-180900,615000,390000,56000,334000,562000,281000,281000,-5225178
20151207,15888035,6723112,9164923,0,141000,-141000,-185000,0,285000,-285000,488000,388000,100000,8838923
20151208,13164000,19588761,-6424761,0,371250,-371250,842000,415000,20000,395000,617000,170000,447000,-5954011
20151209,8869000,14114814,-5245814,1000,45000,-44000,1162650,515000,0,515000,787000,139350,647650,-4127164
20151210,10194750,22106744,-11911994,0,37000,-37000,-388000,65000,0,65000,242000,695000,-453000,-12336994
20151211,22498420,26222557,-3724137,0,0,0,-120500,161000,235500,-74500,716000,762000,-46000,-3844637
20151214,12527000,28386216,-15859216,0,788042,-788042,-821000,0,0,0,1035000,1856000,-821000,-17468258
20151215,12598372,21944920,-9346548,0,1020000,-1020000,-1481796,68000,53000,15000,162000,1658796,-1496796,-11848344
20151216,12247174,13223864,-976690,0,1805247,-1805247,-151000,22000,8000,14000,397000,562000,-165000,-2932937
20151217,13729000,11555128,2173872,0,176370,-176370,861000,100000,150000,-50000,1038000,127000,911000,2858502
20151218,21023495,21681680,-658185,0,337500,-337500,382000,30000,0,30000,470000,118000,352000,-613685
20151221,7068980,10841861,-3772881,0,837200,-837200,2756000,431000,12000,419000,2440000,103000,2337000,-1854081
20151222,6465385,12851446,-6386061,3000,213000,-210000,-854600,240000,50000,190000,212000,1256600,-1044600,-7450661
20151223,13623974,5974556,7649418,0,509000,-509000,-1074000,0,100000,-100000,170000,1144000,-974000,6066418
20151224,8054000,4243000,3811000,0,0,0,-293000,15000,23000,-8000,263000,548000,-285000,3518000
20151225,2477850,4084675,-1606825,0,300000,-300000,430250,22000,750,21250,531000,122000,409000,-1476575
20151228,7184000,8390000,-1206000,62000,28000,34000,159000,0,0,0,300000,141000,159000,-1013000
20151229,7071000,12624472,-5553472,11000,332000,-321000,-90000,0,0,0,133000,223000,-90000,-5964472
20151230,5358008,6955072,-1597064,0,1805500,-1805500,-229000,0,0,0,49000,278000,-229000,-3631564
20151231,4001084,7438884,-3437800,0,638000,-638000,-128000,0,50000,-50000,145000,223000,-78000,-4203800
20160104,6707600,25837387,-19129787,926000,1239400,-313400,-1098985,10000,30000,-20000,142000,1220985,-1078985,-20542172
20160105,11772198,21727138,-9954940,1113000,665124,447876,360000,0,22000,-22000,554000,172000,382000,-9147064
20160106,15524917,23507171,-7982254,0,136950,-136950,-1028000,130000,24000,106000,261000,1395000,-1134000,-9147204
20160107,10630697,21079917,-10449220,0,545000,-545000,742000,44000,16000,28000,1038000,324000,714000,-10252220
20160108,9531000,18576965,-9045965,0,1259000,-1259000,677000,53000,96000,-43000,864000,144000,720000,-9627965
20160111,13521512,34140090,-20618578,20000,995850,-975850,-893000,438000,17000,421000,200000,1514000,-1314000,-22487428
20160112,16224360,13698450,2525910,0,1640400,-1640400,-1227000,0,572000,-572000,131000,786000,-655000,-341490
20160113,13270187,13812426,-542239,0,556000,-556000,-188000,125000,225000,-100000,308000,396000,-88000,-1286239
20160114,6386567,11586422,-5199855,0,246300,-246300,-397000,52000,40000,12000,269000,678000,-409000,-5843155
20160115,8262672,24743358,-16480686,0,1397000,-1397000,-1613000,114000,89000,25000,309000,1947000,-1638000,-19490686
20160118,11223325,15519000,-4295675,0,679000,-679000,290000,169000,71000,98000,486000,294000,192000,-4684675
20160119,9095602,13539892,-4444290,0,609000,-609000,331000,307000,6000,301000,224000,194000,30000,-4722290
20160120,14968685,26773951,-11805266,0,888500,-888500,-2249700,90000,101000,-11000,105000,2343700,-2238700,-14943466
20160121,19867103,19147294,719809,0,0,0,-1978000,0,1349000,-1349000,108000,737000,-629000,-1258191
20160122,23400100,14222195,9177905,0,1093,-1093,-1422002,318000,2101000,-1783000,746998,386000,360998,7754810
20160125,16066228,14652719,1413509,18000,115000,-97000,-104000,128000,872000,-744000,722000,82000,640000,1212509
20160126,10749575,11806684,-1057109,0,158000,-158000,-834000,20000,590000,-570000,32000,296000,-264000,-2049109
20160127,12547956,10553535,1994421,0,0,0,-195000,0,177000,-177000,58000,76000,-18000,1799421
20160128,18282140,19663595,-1381455,757000,0,757000,-340001,134000,437000,-303000,393000,430001,-37001,-964456
20160129,31149101,21219565,9929536,106000,753748,-647748,2490000,848000,267000,581000,2172000,263000,1909000,11771788
20160130,4694000,667000,4027000,731000,0,731000,-730000,39000,435000,-396000,368000,702000,-334000,4028000
20160201,22695430,12977190,9718240,470000,28400,441600,-476000,33000,338000,-305000,339000,510000,-171000,9683840
20160202,11149877,11654068,-504191,29000,0,29000,-371000,15000,151000,-136000,226000,461000,-235000,-846191
20160203,14291000,27406691,-13115691,40000,0,40000,-835000,390000,225000,165000,458000,1458000,-1000000,-13910691
20160215,31333680,51482434,-20148754,5000,1516721,-1511721,1528000,0,101000,-101000,1945000,316000,1629000,-20132475
20160216,19478242,17787304,1690938,0,357000,-357000,354000,161000,59000,102000,916000,664000,252000,1687938
20160217,20290686,22523415,-2232729,5000,200300,-195300,827000,286000,84000,202000,1286000,661000,625000,-1601029
20160218,30395000,23734034,6660966,0,0,0,-560000,0,99000,-99000,224000,685000,-461000,6100966
20160219,13973530,19902747,-5929217,12000,60000,-48000,292000,10000,0,10000,443000,161000,282000,-5685217
20160222,10379000,11459129,-1080129,0,0,0,312000,0,68000,-68000,464000,84000,380000,-768129
20160223,5624048,7226872,-1602824,0,13400,-13400,-312000,0,75000,-75000,67000,304000,-237000,-1928224
20160224,8553928,12996324,-4442396,10000,0,10000,26000,1000,164000,-163000,507000,318000,189000,-4406396
20160225,15597504,17402347,-1804843,282000,120000,162000,3662000,315000,258000,57000,4414000,809000,3605000,2019157
20160226,23711530,17000304,6711226,10000,1300458,-1290458,-2931000,12000,327000,-315000,358000,2974000,-2616000,2489768
20160301,19957298,24332839,-4375541,35000,0,35000,-23000,48000,20000,28000,528000,579000,-51000,-4363541
20160302,24079255,12361702,11717553,0,260750,-260750,314000,4000,40000,-36000,668000,318000,350000,11770803
20160303,33232910,18011526,15221384,0,0,0,-474000,0,36000,-36000,513000,951000,-438000,14747384
20160304,31865000,16831997,15033003,0,25000,-25000,4152000,55000,59000,-4000,5439000,1283000,4156000,19160003
20160307,16802000,15295456,1506544,0,351000,-351000,-2346996,6000,126000,-120000,321000,2547996,-2226996,-1191452
20160308,17202763,12150899,5051864,0,114000,-114000,1242000,364000,66000,298000,2143000,1199000,944000,6179864
20160309,13967793,10246566,3721227,588000,149000,439000,-254000,0,18000,-18000,256000,492000,-236000,3906227
20160310,13541513,6980935,6560578,287000,7000,280000,-730000,0,56000,-56000,387000,1061000,-674000,6110578
20160311,15309000,9780566,5528434,0,15000,-15000,173898,0,0,0,533000,359102,173898,5687332
20160314,16666000,4193000,12473000,0,0,0,-90000,50000,50000,0,258000,348000,-90000,12383000
20160315,16905225,15534800,1370425,207000,2000,205000,-315000,0,160000,-160000,409000,564000,-155000,1260425
20160316,13593001,5879353,7713648,450000,5000,445000,2458000,315000,165000,150000,2532000,224000,2308000,10616648
20160317,17135182,9117605,8017577,0,0,0,-1635000,56000,362000,-306000,257000,1586000,-1329000,6382577
20160318,52135422,30589832,21545590,0,1794000,-1794000,1308000,90000,258000,-168000,2331000,855000,1476000,21059590
20160321,19388592,4333292,15055300,35000,0,35000,-1582000,50000,6000,44000,281000,1907000,-1626000,13508300
20160322,18175343,11177408,6997935,98000,0,98000,-678000,365000,347000,18000,60000,756000,-696000,6417935
20160323,16942956,10842747,6100209,0,133400,-133400,390000,510000,22000,488000,251000,349000,-98000,6356809
20160324,16327000,6345280,9981720,0,300000,-300000,1157000,380000,4000,376000,1038000,257000,781000,10838720
20160325,5225300,2385387,2839913,0,132000,-132000,-228000,44000,14000,30000,219000,477000,-258000,2479913
20160328,12121000,2749886,9371114,0,0,0,477000,240000,138000,102000,578000,203000,375000,9848114
20160329,11165494,7528601,3636893,0,2000,-2000,-1018000,25000,872000,-847000,397000,568000,-171000,2616893
20160331,44970929,32992091,11978838,0,320000,-320000,713000,597000,284000,313000,1455000,1055000,400000,12371838
20160401,11328154,22530416,-11202262,0,142000,-142000,348000,3000,38000,-35000,879000,496000,383000,-10996262
20160406,22732542,27283463,-4550921,0,35000,-35000,-1244867,40000,598000,-558000,202000,888867,-686867,-5830788
20160407,15061929,14943701,118228,95000,523000,-428000,-962000,61000,803000,-742000,484000,704000,-220000,-1271772
20160408,14247200,8777765,5469435,30000,35000,-5000,-560000,4000,300000,-296000,453000,717000,-264000,4904435
20160411,6280000,5580960,699040,0,31000,-31000,-625000,23000,20000,3000,207000,835000,-628000,43040
20160412,10364019,4391000,5973019,11000,17000,-6000,-378000,160000,11000,149000,153000,680000,-527000,5589019
20160413,24020650,10586809,13433841,1970000,159000,1811000,943000,21000,62000,-41000,1254000,270000,984000,16187841
20160414,12198000,17904394,-5706394,0,15000,-15000,199000,114000,30000,84000,852000,737000,115000,-5522394
20160415,15106718,9794337,5312381,0,122000,-122000,-601000,55000,252000,-197000,371000,775000,-404000,4589381
20160418,11977131,7704979,4272152,0,10000,-10000,-422000,5000,2000,3000,105000,530000,-425000,3840152
20160419,7000967,12925325,-5924358,0,66000,-66000,235000,97000,44000,53000,800000,618000,182000,-5755358
20160420,13438570,30761134,-17322564,0,1000,-1000,-125000,71000,213000,-142000,1792000,1775000,17000,-17448564
20160421,14659044,6337142,8321902,0,8000,-8000,-487000,0,67000,-67000,515000,935000,-420000,7826902
20160422,13997920,4639481,9358439,70000,0,70000,-1091000,0,0,0,49000,1140000,-1091000,8337439
20160425,8113280,9716040,-1602760,0,2000,-2000,394000,300000,43000,257000,221000,84000,137000,-1210760
20160426,12715117,11014894,1700223,0,163000,-163000,26000,1000,31000,-30000,342000,286000,56000,1563223
20160427,14439310,18342514,-3903204,0,147000,-147000,-68545,158000,87000,71000,385000,524545,-139545,-4118749
20160428,16640292,19953229,-3312937,0,76000,-76000,-683660,44000,127000,-83000,524000,1124660,-600660,-4072597
20160429,13834000,28505963,-14671963,0,107500,-107500,511000,0,18000,-18000,822000,293000,529000,-14268463
20160503,7045100,25177833,-18132733,0,3000,-3000,-534000,55000,34000,21000,737000,1292000,-555000,-18669733
20160504,11673409,23444631,-11771222,0,370000,-370000,1212000,807000,17000,790000,891000,469000,422000,-10929222
20160505,9799778,18624878,-8825100,0,243000,-243000,163000,103000,91000,12000,924000,773000,151000,-8905100
20160506,13187285,33107664,-19920379,0,399000,-399000,-1388000,205000,92000,113000,884000,2385000,-1501000,-21707379
20160509,8892750,26519723,-17626973,0,2463038,-2463038,-147500,0,80500,-80500,972000,1039000,-67000,-20237511
20160510,17028450,15748557,1279893,13413,0,13413,-446000,52000,318000,-266000,683000,863000,-180000,847306
20160511,7563592,21328857,-13765265,0,85000,-85000,367000,1000,0,1000,797000,431000,366000,-13483265
20160512,6037799,19931282,-13893483,0,185000,-185000,463000,300000,10000,290000,930000,757000,173000,-13615483
20160513,7149800,47446285,-40296485,0,36000,-36000,-664000,302000,36000,266000,1087000,2017000,-930000,-40996485
20160516,7112080,20521303,-13409223,0,0,0,134000,201000,450000,-249000,772000,389000,383000,-13275223
20160517,8485200,23606058,-15120858,0,63000,-63000,1801411,100000,5000,95000,1884000,177589,1706411,-13382447
20160518,12562742,22691692,-10128950,0,547000,-547000,-500000,100000,73000,27000,676000,1203000,-527000,-11175950
20160519,8555000,19834238,-11279238,0,125900,-125900,-478000,201000,37000,164000,757000,1399000,-642000,-11883138
20160520,10357225,17559000,-7201775,11000,0,11000,-594000,100000,77000,23000,531000,1148000,-617000,-7784775
20160523,30076710,16940057,13136653,0,22000,-22000,3185000,145000,80000,65000,3774000,654000,3120000,16299653
20160524,12222489,17101428,-4878939,0,0,0,-1492000,52000,20000,32000,447000,1971000,-1524000,-6370939
20160525,17694115,19313860,-1619745,1030000,10000,1020000,943000,698000,762000,-64000,1980000,973000,1007000,343255
20160526,5486000,10338835,-4852835,96000,9000,87000,-456000,110000,20000,90000,433000,979000,-546000,-5221835
20160527,10683000,11634514,-951514,108000,10000,98000,-688000,110000,46000,64000,430000,1182000,-752000,-1541514
20160530,17627970,5218386,12409584,0,0,0,-440000,59000,239000,-180000,414000,674000,-260000,11969584
20160531,56509535,53749586,2759949,0,20000,-20000,-639000,51000,5000,46000,252000,937000,-685000,2100949
20160601,16979992,11220566,5759426,55000,0,55000,1427000,60000,3000,57000,1630000,260000,1370000,7241426
20160602,16436934,19579567,-3142633,0,141000,-141000,-381000,1000,21000,-20000,327000,688000,-361000,-3664633
20160603,11895159,4551440,7343719,0,52000,-52000,910000,50000,2000,48000,1257000,395000,862000,8201719
20160604,818500,300000,518500,0,0,0,287000,300000,0,300000,315000,328000,-13000,805500
20160606,9785050,9576576,208474,0,21000,-21000,1699000,741000,114000,627000,1931000,859000,1072000,1886474
20160607,18192000,9901769,8290231,30000,14000,16000,247000,249000,10000,239000,709000,701000,8000,8553231
20160608,24114734,16931197,7183537,0,0,0,-293000,10000,110000,-100000,620000,813000,-193000,6890537
20160613,15851199,32301704,-16450505,0,483574,-483574,-694000,114000,213000,-99000,752000,1347000,-595000,-17628079
20160614,16663676,14143992,2519684,0,249350,-249350,-6000,130000,347000,-217000,854000,643000,211000,2264334
20160615,14215255,9222108,4993147,0,838750,-838750,64000,132000,48000,84000,746000,766000,-20000,4218397
20160616,10256002,22579804,-12323802,0,58000,-58000,-389000,161000,65000,96000,592000,1077000,-485000,-12770802
20160617,23789873,24024760,-234887,3000,160000,-157000,927000,100000,38000,62000,1613000,748000,865000,535113
20160620,16885771,9496228,7389543,0,42000,-42000,963000,218000,1000,217000,1049000,303000,746000,8310543
20160621,15419757,14845331,574426,0,45000,-45000,315000,109000,0,109000,583000,377000,206000,844426
20160622,13908724,6779058,7129666,0,28000,-28000,-104000,40000,122000,-82000,593000,615000,-22000,6997666
20160623,18465198,8386635,10078563,0,100050,-100050,-1504000,115000,155000,-40000,375000,1839000,-1464000,8474513
20160624,15414649,29548519,-14133870,0,54000,-54000,-219000,77000,447000,-370000,2797000,2646000,151000,-14406870
20160627,5915035,4825848,1089187,6000,26000,-20000,726000,100000,0,100000,904000,278000,626000,1795187
20160628,14550000,13558781,991219,4000,0,4000,652000,90000,71000,19000,1217000,584000,633000,1647219
20160629,11057000,6063848,4993152,0,0,0,-535000,2000,51000,-49000,418000,904000,-486000,4458152
20160630,17826700,13096492,4730208,0,31000,-31000,-475000,51000,11000,40000,339000,854000,-515000,4224208
20160701,13320955,4069279,9251676,0,0,0,968000,230000,0,230000,933000,195000,738000,10219676
20160704,10369309,3479000,6890309,0,128000,-128000,2118000,0,11000,-11000,2973000,844000,2129000,8880309
20160705,8933000,10543863,-1610863,0,115000,-115000,-675000,90000,43000,47000,88000,810000,-722000,-2400863
20160706,5279045,19118000,-13838955,0,213000,-213000,403002,550000,21000,529000,411000,536998,-125998,-13648953
20160707,6422064,4850850,1571214,25000,0,25000,-461000,60000,66000,-6000,169000,624000,-455000,1135214
20160711,21556996,21914481,-357485,0,14000,-14000,716000,81000,20000,61000,676000,21000,655000,344515
20160712,19048350,11134652,7913698,80000,0,80000,195000,25000,30000,-5000,469000,269000,200000,8188698
20160713,16737456,15602725,1134731,440000,0,440000,-566000,20000,154000,-134000,180000,612000,-432000,1008731
20160714,12867984,8043016,4824968,270000,3000,267000,-195000,20000,0,20000,9000,224000,-215000,4896968
20160715,18073769,6508603,11565166,0,122000,-122000,1495000,50000,100000,-50000,1655000,110000,1545000,12938166
20160718,21428551,3838743,17589808,350000,0,350000,931000,190000,0,190000,1640000,899000,741000,18870808
20160719,18830300,5608140,13222160,90000,7000,83000,2704000,424000,101000,323000,3276000,895000,2381000,16009160
20160720,15320000,9539170,5780830,158000,36000,122000,2939000,381000,34000,347000,2990000,398000,2592000,8841830
20160721,20765960,8424992,12340968,65000,43000,22000,2388000,862000,146000,716000,2353000,681000,1672000,14750968
20160722,21978600,11593063,10385537,254000,86000,168000,-2987000,2000,283000,-281000,52000,2758000,-2706000,7566537
20160725,13184100,11680576,1503524,561000,0,561000,-605000,711000,531000,180000,161000,946000,-785000,1459524
20160726,19270000,6871320,12398680,190000,0,190000,242000,326000,41000,285000,475000,518000,-43000,12830680
20160727,22895000,4051443,18843557,4000,46000,-42000,2393000,366000,57000,309000,2694000,610000,2084000,21194557
20160728,15009000,8032000,6977000,45000,0,45000,-564000,40000,16000,24000,207000,795000,-588000,6458000
20160729,7822823,16109375,-8286552,99725,277500,-177775,496000,121000,16000,105000,595000,204000,391000,-7968327
20160801,26435276,6710896,19724380,461000,65000,396000,-309000,161000,67000,94000,308000,711000,-403000,19811380
20160802,5777167,5855393,-78226,0,14000,-14000,487000,280000,11000,269000,359000,141000,218000,394774
20160803,9469813,16274575,-6804762,43000,52000,-9000,271000,10000,368000,-358000,788000,159000,629000,-6542762
20160804,9592000,4672891,4919109,76000,107000,-31000,-143000,100000,110000,-10000,517000,650000,-133000,4745109
20160805,12832606,6236957,6595649,0,185000,-185000,489000,199000,70000,129000,598000,238000,360000,6899649
20160808,23947413,6082754,17864659,3000,246000,-243000,3515000,337000,21000,316000,3947000,748000,3199000,21136659
20160809,15618787,7036532,8582255,823000,103000,720000,-2959000,142000,285000,-143000,453000,3269000,-2816000,6343255
20160810,11739300,7848454,3890846,2000,100000,-98000,-217000,20000,538000,-518000,851000,550000,301000,3575846
20160811,17944000,12522065,5421935,6000,106000,-100000,-1218000,90000,1170000,-1080000,450000,588000,-138000,4103935
20160812,18214550,75875873,-57661323,1000,1165000,-1164000,6839000,3538000,652000,2886000,4337000,384000,3953000,-51986323
20160815,9042000,19515679,-10473679,0,652000,-652000,-339000,70000,586000,-516000,1418000,1241000,177000,-11464679
20160816,11283737,22446176,-11162439,0,686000,-686000,125000,250000,259000,-9000,988000,854000,134000,-11723439
20160817,17551237,49041710,-31490473,7000,391000,-384000,1164000,221000,117000,104000,2450000,1390000,1060000,-30710473
20160818,10648000,30815320,-20167320,23000,9000,14000,3755000,100000,5000,95000,4150000,490000,3660000,-16398320
20160819,10966463,23145648,-12179185,184000,492000,-308000,-1332000,201000,117000,84000,1310000,2726000,-1416000,-13819185
20160822,6395100,15119097,-8723997,0,10000,-10000,911000,30000,138000,-108000,1977000,958000,1019000,-7822997
20160823,8773100,24115050,-15341950,0,322000,-322000,2383000,305000,1000,304000,3162000,1083000,2079000,-13280950
20160824,9910086,20592004,-10681918,115000,19000,96000,4073000,322000,100000,222000,5381000,1530000,3851000,-6512918
20160825,19251100,20838591,-1587491,17000,175918,-158918,3481000,614000,121000,493000,5534000,2546000,2988000,1734591
20160826,6871255,15257855,-8386600,4000,15000,-11000,8310000,753000,1000,752000,8680000,1122000,7558000,-87600
20160829,12123271,17278203,-5154932,0,3000,-3000,17417000,1262000,335000,927000,17627000,1137000,16490000,12259068
20160830,8236253,15349688,-7113435,267000,0,267000,12044000,775000,160000,615000,12756000,1327000,11429000,5197565
20160831,16932735,32101870,-15169135,54000,50,53950,8452000,994000,106000,888000,8236000,672000,7564000,-6663185
20160901,8876954,29267260,-20390306,282000,0,282000,21282805,2321000,515000,1806000,19810000,333195,19476805,1174499
20160902,14852140,31549978,-16697838,69000,94000,-25000,-67075000,0,2022000,-2022000,380000,65433000,-65053000,-83797838
20160905,12088125,9724500,2363625,3000,43000,-40000,-9812157,130000,31000,99000,138000,10049157,-9911157,-7488532
20160906,20111204,11318360,8792844,520000,62000,458000,-2492332,51000,1000,50000,734000,3276332,-2542332,6758512
20160907,17416353,26647597,-9231244,33000,0,33000,681000,957000,264000,693000,1277000,1289000,-12000,-8517244
20160908,12505500,35932526,-23427026,0,0,0,455000,221000,80000,141000,1901000,1587000,314000,-22972026
20160909,3555340,22102966,-18547626,1000,48000,-47000,-1184000,0,160000,-160000,827000,1851000,-1024000,-19778626
20160910,1328000,4516000,-3188000,139000,34000,105000,-1563231,60000,329000,-269000,815000,2109231,-1294231,-4646231
20160912,2871891,22955246,-20083355,0,0,0,434000,231000,130000,101000,1958000,1625000,333000,-19649355
20160913,12646006,24626140,-11980134,87000,31000,56000,-530000,149000,240000,-91000,1474000,1913000,-439000,-12454134
20160914,19751100,32348328,-12597228,892000,1000,891000,201000,200000,0,200000,1769000,1768000,1000,-11505228
20160919,40620798,18041292,22579506,553000,0,553000,3029000,190000,38000,152000,4853000,1976000,2877000,26161506
20160920,24896745,12415947,12480798,1231000,0,1231000,-1607000,101000,65000,36000,625000,2268000,-1643000,12104798
20160921,11146000,9307157,1838843,170000,0,170000,-369000,415000,302000,113000,1222000,1704000,-482000,1639843
20160922,10820360,12639601,-1819241,175000,2000,173000,-375000,77000,102000,-25000,1412000,1762000,-350000,-2021241
20160923,17505861,21317803,-3811942,222000,37830,184170,834000,0,120000,-120000,1514000,560000,954000,-2793772
20160926,15450780,21917541,-6466761,764000,0,764000,-389362,6000,40000,-34000,193000,548362,-355362,-6092123
20160929,34963703,27405910,7557793,106000,0,106000,1806012,120000,2388,117612,2987000,1298600,1688400,9469805
20160930,12132480,24878409,-12745929,195034,925000,-729966,167000,32000,3000,29000,1908000,1770000,138000,-13308895
20161003,13676742,13440000,236742,163000,0,163000,-459000,223000,1000,222000,260000,941000,-681000,-59258
20161004,11788054,10516006,1272048,0,160000,-160000,470000,32000,6000,26000,770000,326000,444000,1582048
20161005,7245000,3585824,3659176,231000,0,231000,-1645000,4000,232000,-228000,139000,1556000,-1417000,2245176
20161006,10316379,3812075,6504304,204000,0,204000,-1062000,0,70000,-70000,323000,1315000,-992000,5646304
20161007,6165518,2385072,3780446,384000,0,384000,-427433,0,14000,-14000,16000,429433,-413433,3737013
20161011,24829657,10788000,14041657,1398000,50000,1348000,1503000,210000,82000,128000,2237000,862000,1375000,16892657
20161012,15863427,11766689,4096738,1050000,0,1050000,-688000,44000,0,44000,438000,1170000,-732000,4458738
20161013,15603750,14611250,992500,1362000,0,1362000,-527000,456000,32000,424000,291000,1242000,-951000,1827500
20161014,9332249,3131430,6200819,473000,60000,413000,160000,173000,136000,37000,869000,746000,123000,6773819
20161017,17194979,9041701,8153278,755000,130000,625000,202000,68000,7000,61000,960000,819000,141000,8980278
20161018,23468984,7974742,15494242,818000,0,818000,152000,367000,2000,365000,923000,1136000,-213000,16464242
20161019,21367710,8102450,13265260,2909000,0,2909000,-2136000,432000,86000,346000,58000,2540000,-2482000,14038260
20161020,16246100,1768441,14477659,1745000,20000,1725000,198800,290000,147200,142800,835000,779000,56000,16401459
20161021,28985000,26198023,2786977,2694000,46000,2648000,1487000,1382000,249000,1133000,1047000,693000,354000,6921977
20161024,12114000,11065823,1048177,285000,0,285000,765000,212000,24000,188000,1513000,936000,577000,2098177
20161025,19600000,10387750,9212250,834000,25000,809000,2673259,368000,685000,-317000,3488259,498000,2990259,12694509
20161026,19136000,10692884,8443116,602000,30000,572000,-1089000,101000,70000,31000,225000,1345000,-1120000,7926116
20161027,19515523,13998516,5517007,594000,18000,576000,995000,180000,224000,-44000,1546000,507000,1039000,7088007
20161028,14961143,10408192,4552951,577000,17000,560000,74000,314000,657000,-343000,791000,374000,417000,5186951
20161031,15227550,10188929,5038621,223000,0,223000,1130000,19000,521000,-502000,2232000,600000,1632000,6391621
20161101,11776999,11382651,394348,307000,15000,292000,63000,50000,156000,-106000,826000,657000,169000,749348
20161102,13696871,23462785,-9765914,181000,10714,170286,-14750,161000,417000,-256000,1741000,1499750,241250,-9610378
20161103,15045650,20872946,-5827296,142000,58000,84000,-990903,290000,171000,119000,524000,1633903,-1109903,-6734199
20161104,8965000,15623401,-6658401,425000,0,425000,334000,257000,54000,203000,836000,705000,131000,-5899401
20161107,10712419,13615846,-2903427,720000,52000,668000,4264000,458000,19000,439000,4114000,289000,3825000,2028573
20161108,9174541,6193000,2981541,526000,0,526000,-3190000,6000,180000,-174000,435000,3451000,-3016000,317541
20161109,12682300,22915925,-10233625,28000,30000,-2000,-6377250,289000,2246000,-1957000,194000,4614250,-4420250,-16612875
20161110,16253300,23164000,-6910700,112000,834000,-722000,-2257000,180000,4343000,-4163000,2290000,384000,1906000,-9889700
20161111,14381000,43991733,-29610733,147000,510000,-363000,-2446005,236000,227000,9000,227000,2682005,-2455005,-32419738
20161114,13483200,27536242,-14053042,162000,317000,-155000,848000,80000,0,80000,1733000,965000,768000,-13360042
20161115,15075808,24033157,-8957349,130000,100000,30000,595000,260000,0,260000,1587000,1252000,335000,-8332349
20161116,14471412,30337540,-15866128,20000,124200,-104200,249000,546000,251000,295000,435000,481000,-46000,-15721328
20161117,19868798,12135838,7732960,76000,25000,51000,-63000,51000,738000,-687000,1578000,954000,624000,7720960
20161118,14936231,19657731,-4721500,600000,168000,432000,1389000,183000,37000,146000,2112000,869000,1243000,-2900500
20161121,7229467,7336861,-107394,70000,0,70000,180000,12000,0,12000,308000,140000,168000,142606
20161122,17565125,7198296,10366829,633000,111183,521817,716600,307000,94000,213000,1213000,709400,503600,11605246
20161123,12174125,5934345,6239780,78000,0,78000,657500,111500,65000,46500,1324000,713000,611000,6975280
20161124,5739531,9373894,-3634363,191000,99365,91635,119200,16000,110300,-94300,803000,589500,213500,-3423528
20161125,3833900,7709071,-3875171,172000,0,172000,-593900,104000,65300,38700,178000,810600,-632600,-4297071
20161128,10280000,5103312,5176688,140000,0,140000,43024,89000,11000,78000,250000,284976,-34976,5359712
20161129,28458400,10186814,18271586,136000,163000,-27000,2294000,227000,705000,-478000,3570000,798000,2772000,20538586
20161130,36477915,35648550,829365,287000,13000,274000,-1987000,331000,44000,287000,565000,2839000,-2274000,-883635
20161201,17381085,7877747,9503338,6000,7000,-1000,-226000,94000,69000,25000,573000,824000,-251000,9276338
20161202,15012356,15834314,-821958,0,0,0,-3364000,55000,369000,-314000,329000,3379000,-3050000,-4185958
20161205,9678000,7809124,1868876,246000,0,246000,-979000,50000,308000,-258000,546000,1267000,-721000,1135876
20161206,25646895,7080700,18566195,10000,21000,-11000,-1433000,132000,1940000,-1808000,957000,582000,375000,17122195
20161207,24634000,4035709,20598291,1667000,80000,1587000,-138000,860000,135000,725000,851000,1714000,-863000,22047291
20161208,48834200,5421631,43412569,603000,280000,323000,3943000,2097000,311000,1786000,3767000,1610000,2157000,47678569
20161209,33164501,6257671,26906830,694000,0,694000,-1401000,492000,0,492000,477000,2370000,-1893000,26199830
20161212,12507840,7253584,5254256,160000,220,159780,-1499000,304000,1433000,-1129000,649000,1019000,-370000,3915036
20161213,28617406,5757808,22859598,196000,0,196000,81000,171000,47000,124000,944000,987000,-43000,23136598
20161214,13468820,9433672,4035148,524000,0,524000,272000,244000,142000,102000,793000,623000,170000,4831148
20161215,12032959,13119847,-1086888,232000,200000,32000,1980000,132000,130000,2000,2485000,507000,1978000,925112
20161216,25635796,21484849,4150947,60000,30000,30000,-526000,105000,322000,-217000,503000,812000,-309000,3654947
20161219,6358186,6613056,-254870,324000,0,324000,649000,43000,170000,-127000,2148000,1372000,776000,718130
20161220,15594371,4656163,10938208,1510000,5800,1504200,300000,45000,145000,-100000,1507000,1107000,400000,12742408
20161221,20943171,14339685,6603486,285000,27000,258000,-665000,729000,1000,728000,1793000,3186000,-1393000,6196486
20161222,12631292,13596404,-965112,1006000,0,1006000,347000,134000,43000,91000,969000,713000,256000,387888
20161223,10586690,9661125,925565,45000,0,45000,724000,90000,236000,-146000,1094000,224000,870000,1694565
20161226,3491000,1908930,1582070,190000,0,190000,-508000,0,42000,-42000,674000,1140000,-466000,1264070
20161227,2519555,2628000,-108445,429000,0,429000,398000,0,7000,-7000,765000,360000,405000,718555
20161228,8091000,6071702,2019298,659000,0,659000,871499,165000,12000,153000,1068499,350000,718499,3549797
20161229,8260422,11270032,-3009610,510000,0,510000,206000,78000,8000,70000,1055000,919000,136000,-2293610
20161230,10051124,3939314,6111810,136000,0,136000,-1036000,73000,127000,-54000,1046000,2028000,-982000,5211810
20170103,4700000,5625400,-925400,120000,0,120000,292000,95000,153000,-58000,462000,112000,350000,-513400
20170104,13123177,7247013,5876164,239000,0,239000,-558000,83000,94000,-11000,51000,598000,-547000,5557164
20170105,11536368,17058382,-5522014,225000,0,225000,1001000,60000,103000,-43000,1256000,212000,1044000,-4296014
20170106,12986300,11764027,1222273,457000,3000,454000,-902000,62000,87000,-25000,557000,1434000,-877000,774273
20170109,6742064,6847000,-104936,46000,900000,-854000,450000,0,30000,-30000,718000,238000,480000,-508936
20170110,9289000,3750486,5538514,163000,0,163000,-496005,0,130000,-130000,208995,575000,-366005,5205509
20170111,18687289,7295300,11391989,183000,49000,134000,-559000,0,95000,-95000,103000,567000,-464000,10966989
20170112,21820328,5315623,16504705,82000,543000,-461000,-1643000,0,87000,-87000,56000,1612000,-1556000,14400705
20170113,16789376,12188298,4601078,138000,0,138000,-429000,1000,60000,-59000,33000,403000,-370000,4310078
20170116,4224000,7440383,-3216383,200000,0,200000,311000,36000,0,36000,778000,503000,275000,-2705383
20170117,6856042,7605043,-749001,75000,0,75000,-485000,4000,93000,-89000,189000,585000,-396000,-1159001
20170118,11367648,10050663,1316985,100000,127000,-27000,-1405000,42000,180000,-138000,186000,1453000,-1267000,-115015
20170119,11938250,14703794,-2765544,500000,1000,499000,-3482000,25000,259000,-234000,745000,3993000,-3248000,-5748544
20170120,11936917,9061330,2875587,261000,0,261000,-3950000,7000,39000,-32000,56000,3974000,-3918000,-813413
20170123,20390868,12215017,8175851,104139,0,104139,364000,12000,100000,-88000,586000,134000,452000,8643990
20170124,13724685,12457464,1267221,52000,254000,-202000,-641000,20000,50000,-30000,193000,804000,-611000,424221
20170202,52888594,47726166,5162428,384000,531000,-147000,345885,956000,654000,302000,1709885,1666000,43885,5361313
20170203,23635836,36876514,-13240678,309000,644000,-335000,5882000,76000,60000,16000,6138000,272000,5866000,-7693678
20170206,29984249,10299984,19684265,2686000,30000,2656000,-1870000,530000,554000,-24000,1292000,3138000,-1846000,20470265
20170207,35167293,7061970,28105323,1447000,719000,728000,-1996000,1090000,107000,983000,994000,3973000,-2979000,26837323
20170208,52388469,24753064,27635405,3279000,0,3279000,3225000,1896000,365000,1531000,3269000,1575000,1694000,34139405
20170209,53479143,11667210,41811933,1370000,0,1370000,1352000,2668000,886000,1782000,2363000,2793000,-430000,44533933
20170210,48842819,23523148,25319671,1734000,0,1734000,-2786000,679000,706000,-27000,1060000,3819000,-2759000,24267671
20170213,29488224,8819656,20668568,1162000,39000,1123000,-399000,560000,605000,-45000,1494000,1848000,-354000,21392568
20170214,50524669,16469670,34054999,606000,0,606000,-3470000,307000,1928000,-1621000,907000,2756000,-1849000,31190999
20170215,49658727,13422213,36236514,460000,25000,435000,872000,1141000,380000,761000,1233000,1122000,111000,37543514
20170216,28530600,9375894,19154706,355000,0,355000,-1517000,87000,1555000,-1468000,1403000,1452000,-49000,17992706
20170217,14532000,8555644,5976356,325000,228000,97000,-123000,30000,1056000,-1026000,1253000,350000,903000,5950356
20170218,381000,300000,81000,395000,77000,318000,370000,182000,120000,62000,441000,133000,308000,769000
20170220,18945000,4408579,14536421,6000,554000,-548000,-933000,50000,844000,-794000,377000,516000,-139000,13055421
20170221,19972278,8753847,11218431,489000,44000,445000,287201,887000,272000,615000,879001,1206800,-327799,11950632
20170222,15889118,7141585,8747533,187000,141000,46000,997997,302000,100000,202000,1161997,366000,795997,9791530
20170223,17116377,13425254,3691123,128000,1731000,-1603000,2378000,296000,294000,2000,2666000,290000,2376000,4466123
20170224,15854832,15216982,637850,44000,270000,-226000,-172000,151000,269000,-118000,857000,911000,-54000,239850
20170301,20605478,16008941,4596537,359000,3000,356000,-862000,454000,684000,-230000,179000,811000,-632000,4090537
20170302,19438121,12865551,6572570,115000,95000,20000,320000,810000,870000,-60000,964000,584000,380000,6912570
20170303,14453544,11339033,3114511,54000,776000,-722000,-340000,385000,380000,5000,687000,1032000,-345000,2052511
20170306,7407773,3362959,4044814,383000,0,383000,942000,320000,370000,-50000,1347000,355000,992000,5369814
20170307,8190240,5223481,2966759,1273000,75000,1198000,364000,1022000,171000,851000,1124000,1611000,-487000,4528759
20170308,22462624,9315570,13147054,0,12000,-12000,140000,1475000,115000,1360000,612000,1832000,-1220000,13275054
20170309,6240386,24092632,-17852246,412000,237000,175000,370000,207000,640000,-433000,1251000,448000,803000,-17307246
20170310,9184138,15043224,-5859086,0,2000,-2000,-612000,530000,1709000,-1179000,1325000,758000,567000,-6473086
20170313,8356567,6385489,1971078,0,654000,-654000,-562000,310000,219000,91000,206000,859000,-653000,755078
20170314,13562805,6580697,6982108,32000,63000,-31000,795000,554000,18000,536000,1218000,959000,259000,7746108
20170315,11445192,4799990,6645202,446000,190000,256000,-101000,278000,55000,223000,1177000,1501000,-324000,6800202
20170316,18642709,6428348,12214361,0,0,0,4015000,2468000,666000,1802000,2899000,686000,2213000,16229361
20170317,38947714,11764319,27183395,110000,301000,-191000,-1316000,290000,124000,166000,556000,2038000,-1482000,25676395
20170320,7432945,4967046,2465899,40000,141000,-101000,-168000,221000,5000,216000,433000,817000,-384000,2196899
20170321,17206587,8140667,9065920,50000,22000,28000,1158000,1056000,680000,376000,1375000,593000,782000,10251920
20170322,12035218,10579496,1455722,33000,562000,-529000,-1254000,181000,1417000,-1236000,668000,686000,-18000,-327278
20170323,10020702,9275339,745363,0,93000,-93000,-213000,341000,473000,-132000,497000,578000,-81000,439363
20170324,8230014,12192789,-3962775,5000,145000,-140000,-390000,162000,1626000,-1464000,1358000,284000,1074000,-4492775
20170327,22165981,18252812,3913169,132000,197000,-65000,-1131500,10000,520000,-510000,474000,1095500,-621500,2716669
20170328,20283990,8311327,11972663,104000,400000,-296000,-1198003,237000,573000,-336000,684997,1547000,-862003,10478660
20170329,14136093,9268522,4867571,80000,94000,-14000,192000,689000,85000,604000,584000,996000,-412000,5045571
20170330,10699000,8574854,2124146,15000,20000,-5000,-268385,60000,175000,-115000,183615,337000,-153385,1850761
20170331,16383892,15297668,1086224,435000,186000,249000,711000,34000,158000,-124000,1146000,311000,835000,2046224
20170405,96650364,22378486,74271878,1074000,84000,990000,7214000,1188000,731000,457000,8439000,1682000,6757000,82475878
20170406,33624666,20492694,13131972,441000,428000,13000,-1403000,561000,351000,210000,2681000,4294000,-1613000,11741972
20170407,29512535,26088445,3424090,369000,212000,157000,829000,741000,612000,129000,2114000,1414000,700000,4410090
20170410,19982487,11853262,8129225,245000,93000,152000,2240000,251000,127000,124000,2905000,789000,2116000,10521225
20170411,29353879,10666085,18687794,303000,0,303000,-2173380,325000,359380,-34380,667000,2806000,-2139000,16817414
20170412,30642598,11159576,19483022,695000,130000,565000,-1311000,25000,244000,-219000,725000,1817000,-1092000,18737022
20170413,26049117,12196252,13852865,992000,200000,792000,2943000,1374000,140000,1234000,2644000,935000,1709000,17587865
20170414,1924000,9603980,-7679980,584000,597674,-13674,-87000,790000,120000,670000,865000,1622000,-757000,-7780654
20170417,10997130,3991000,7006130,247000,0,247000,-710000,179000,459000,-280000,1223000,1653000,-430000,6543130
20170418,4983535,6685341,-1701806,281000,0,281000,-652000,135000,209000,-74000,705000,1283000,-578000,-2072806
20170419,14412702,17870081,-3457379,17000,0,17000,-599000,298000,408000,-110000,432000,921000,-489000,-4039379
20170420,14575065,9680943,4894122,128000,17501,110499,-84000,148000,166000,-18000,860000,926000,-66000,4920621
20170421,7146859,5026175,2120684,432000,89046,342954,-135000,305000,180000,125000,174000,434000,-260000,2328638
20170424,8981038,3272000,5709038,79000,39000,40000,-659000,100000,247000,-147000,224000,736000,-512000,5090038
20170425,23473298,3587133,19886165,147000,54475,92525,513000,943000,71000,872000,649000,1008000,-359000,20491690
20170426,28818100,10536502,18281598,75000,69000,6000,-963000,211000,224000,-13000,159000,1109000,-950000,17324598
20170427,19058304,10239856,8818448,19000,0,19000,-452000,250000,6000,244000,102000,798000,-696000,8385448
20170428,17534949,15130584,2404365,388000,114000,274000,3691000,816000,670000,146000,3721000,176000,3545000,6369365
20170502,104689942,93272985,11416957,402000,0,402000,584000,1406000,348000,1058000,1902000,2376000,-474000,12402957
20170503,13026162,4360505,8665657,935000,30000,905000,-29000,382000,249000,133000,864000,1026000,-162000,9541657
20170504,7589273,7828700,-239427,2365000,58000,2307000,-147000,131000,40000,91000,57000,295000,-238000,1920573
20170505,6461137,9195900,-2734763,55000,32000,23000,-398000,107000,175000,-68000,32000,362000,-330000,-3109763
20170508,10490396,7664544,2825852,14000,14000,0,-601000,94000,295000,-201000,103000,503000,-400000,2224852
20170509,21031188,10085703,10945485,1379000,73000,1306000,-3457186,622000,3133000,-2511000,681000,1627186,-946186,8794299
20170510,19934970,9872968,10062002,162000,101000,61000,163000,630000,182000,448000,508000,793000,-285000,10286002
20170511,14132151,11293979,2838172,178000,109000,69000,1076998,506000,149000,357000,764998,45000,719998,3984170
20170512,13742804,16399751,-2656947,327000,100000,227000,1792000,1665000,120000,1545000,314000,67000,247000,-637947
20170515,14515711,6177952,8337759,680000,90000,590000,677000,192000,177000,15000,743000,81000,662000,9604759
20170516,21516933,21687631,-170698,2252000,38000,2214000,336000,437000,167000,270000,721000,655000,66000,2379302
20170517,13690063,12753180,936883,130000,13000,117000,-379000,248000,611000,-363000,474000,490000,-16000,674883
20170518,10825670,19526673,-8701003,10000,402000,-392000,-848000,424000,613000,-189000,451000,1110000,-659000,-9941003
20170519,4085860,5929165,-1843305,80000,541000,-461000,-631000,20000,295000,-275000,14000,370000,-356000,-2935305
20170522,9462236,8361173,1101063,395000,113000,282000,298000,65000,8000,57000,245000,4000,241000,1681063
20170523,18315700,7946074,10369626,119000,13000,106000,1816000,375000,267000,108000,1998000,290000,1708000,12291626
20170524,10562609,9173274,1389335,0,63000,-63000,-263000,60000,127000,-67000,96000,292000,-196000,1063335
20170525,12989497,5464557,7524940,0,16000,-16000,-203000,98000,280000,-182000,543000,564000,-21000,7305940
20170526,14687642,17188946,-2501304,832000,582000,250000,-288000,165000,96000,69000,172000,529000,-357000,-2539304
20170531,16372380,29126078,-12753698,0,35000,-35000,-681000,111000,643000,-532000,43000,192000,-149000,-13469698
20170601,14227659,5802272,8425387,0,239000,-239000,136000,238000,180000,58000,508000,430000,78000,8322387
20170602,25638917,11094706,14544211,19000,113000,-94000,-151000,182000,136000,46000,179000,376000,-197000,14299211
20170603,574000,529000,45000,55000,924000,-869000,93000,105000,126000,-21000,188000,74000,114000,-731000
20170605,13050466,6739416,6311050,208000,220000,-12000,1165000,367000,194000,173000,1135000,143000,992000,7464050
20170606,8220317,11857498,-3637181,158000,656000,-498000,-441357,20000,249000,-229000,0,212357,-212357,-4576538
20170607,13227000,15156393,-1929393,232000,205000,27000,-424000,141000,240000,-99000,119000,444000,-325000,-2326393
20170608,5014000,6151882,-1137882,0,14000,-14000,-673000,20000,57000,-37000,91000,727000,-636000,-1824882
20170609,11975000,20923234,-8948234,650000,43000,607000,-790000,280000,1086000,-806000,237000,221000,16000,-9131234
20170612,12513448,26476485,-13963037,114000,203000,-89000,198000,690000,918000,-228000,1029000,603000,426000,-13854037
20170613,11399000,21203179,-9804179,0,480415,-480415,973000,352000,528000,-176000,1421000,272000,1149000,-9311594
20170614,20163000,11590898,8572102,317000,213796,103204,-2813000,57000,1104000,-1047000,45000,1811000,-1766000,5862306
20170615,14506000,9898999,4607001,69000,1300000,-1231000,-373000,0,189000,-189000,122000,306000,-184000,3003001
20170616,20392117,15284570,5107547,143000,234000,-91000,2681000,1000000,388000,612000,2339000,270000,2069000,7697547
20170619,27921110,10678769,17242341,1105000,140000,965000,4414000,2721000,121000,2600000,2800000,986000,1814000,22621341
20170620,16793854,11314398,5479456,2627000,98000,2529000,-28000,354000,569000,-215000,1600000,1413000,187000,7980456
20170621,16540277,29234750,-12694473,2039000,267000,1772000,1921000,2260000,386000,1874000,1197000,1150000,47000,-9001473
20170622,13224511,19720168,-6495657,236000,118000,118000,1988000,2340000,210000,2130000,393000,535000,-142000,-4389657
20170623,9711080,9056938,654142,802000,80000,722000,-877000,179000,526000,-347000,286000,816000,-530000,499142
20170626,20598050,15281475,5316575,1712000,116000,1596000,3726000,5881000,3357000,2524000,3217000,2015000,1202000,10638575
20170627,20080293,28685122,-8604829,49000,329800,-280800,3011000,3093000,180000,2913000,1966000,1868000,98000,-5874629
20170628,16781035,40714007,-23932972,137000,743000,-606000,-1567000,2016000,1852000,164000,202000,1933000,-1731000,-26105972
20170629,11374654,15319187,-3944533,112000,318000,-206000,747000,1434000,1362000,72000,933000,258000,675000,-3403533
20170630,18236100,33049561,-14813461,303000,14000,289000,1945000,1058000,350000,708000,1433000,196000,1237000,-12579461
20170703,10261596,14320488,-4058892,465000,716000,-251000,3797211,869000,106000,763000,3215011,180800,3034211,-512681
20170704,12746969,16613148,-3866179,514000,854000,-340000,557000,1051000,945000,106000,913000,462000,451000,-3649179
20170705,12894000,18143071,-5249071,773000,554000,219000,4827000,1625000,677000,948000,4175000,296000,3879000,-203071
20170706,11751350,14388255,-2636905,619000,764000,-145000,1217000,503000,314000,189000,1642000,614000,1028000,-1564905
20170707,6986645,16352909,-9366264,59000,1006000,-947000,1163000,508000,203000,305000,1090000,232000,858000,-9150264
20170710,13454774,12691273,763501,308000,292000,16000,4237000,1526000,356000,1170000,3360000,293000,3067000,5016501
20170711,18810561,10327548,8483013,962000,292000,670000,8486000,2537000,175000,2362000,6774000,650000,6124000,17639013
20170712,19555073,16778041,2777032,746000,109000,637000,12139000,3559000,409000,3150000,9445000,456000,8989000,15553032
20170713,16540631,16525005,15626,251000,47000,204000,-19174000,565000,5442000,-4877000,60000,14357000,-14297000,-18954374
20170714,10739051,11159196,-420145,95000,62000,33000,-4758000,310000,1966000,-1656000,35000,3137000,-3102000,-5145145
20170717,10378000,11385916,-1007916,153635,642000,-488365,-4183000,140000,1549000,-1409000,44000,2818000,-2774000,-5679281
20170718,14774040,7462165,7311875,56000,384000,-328000,-1601003,230000,1412000,-1182000,302997,722000,-419003,5382872
20170719,13521052,8508614,5012438,7000,207000,-200000,-2208000,267000,1913000,-1646000,237000,799000,-562000,2604438
20170720,8671705,13737522,-5065817,121000,406000,-285000,-39000,1190000,149000,1041000,549000,1629000,-1080000,-5389817
20170721,4745487,13316342,-8570855,86000,541000,-455000,-499000,665000,493000,172000,793000,1464000,-671000,-9524855
20170724,13581422,7133318,6448104,100000,500000,-400000,628000,175000,291000,-116000,964000,220000,744000,6676104
20170725,16544000,11571796,4972204,87000,178000,-91000,370000,1088000,1009000,79000,857000,566000,291000,5251204
20170726,10142000,12116497,-1974497,2000,315000,-313000,-1825000,451000,1352000,-901000,245000,1169000,-924000,-4112497
20170727,12779070,9934272,2844798,70000,148000,-78000,1715000,776000,230000,546000,1402000,233000,1169000,4481798
20170728,7354000,10313581,-2959581,55000,163000,-108000,-1447000,105000,827000,-722000,158000,883000,-725000,-4514581
20170731,14738458,14390789,347669,367000,115000,252000,324000,47000,75000,-28000,355000,3000,352000,923669
20170801,8914852,16447060,-7532208,164000,42000,122000,1133000,410000,55000,355000,819000,41000,778000,-6277208
20170802,12328110,9799316,2528794,763000,393000,370000,826000,728000,471000,257000,1115000,546000,569000,3724794
20170803,15334000,11689546,3644454,359000,493000,-134000,-1272000,78000,789000,-711000,61000,622000,-561000,2238454
20170804,10138338,8206065,1932273,133000,288000,-155000,49000,420000,49000,371000,42000,364000,-322000,1826273
20170807,7152835,8636522,-1483687,89000,595000,-506000,2615000,1260000,210000,1050000,1714000,149000,1565000,625313
20170808,8116349,8987314,-870965,438000,78000,360000,-2866000,335000,1378000,-1043000,91000,1914000,-1823000,-3376965
20170809,7676800,25581893,-17905093,140000,115000,25000,969000,1085000,891000,194000,925000,150000,775000,-16911093
20170810,8745220,16065620,-7320400,3000,320000,-317000,137000,1022000,733000,289000,735000,887000,-152000,-7500400
20170811,12005854,21900481,-9894627,46000,402000,-356000,1017000,617000,1319000,-702000,1791000,72000,1719000,-9233627
20170814,9770493,18775165,-9004672,29000,154000,-125000,-117000,534000,427000,107000,696000,920000,-224000,-9246672
20170815,10145457,6723068,3422389,453000,283000,170000,-2871000,274000,2880000,-2606000,648000,913000,-265000,721389
20170816,7406946,21818571,-14411625,1369000,158000,1211000,75100,250000,505000,-255000,450000,119900,330100,-13125525
20170817,8924657,9879771,-955114,112000,70000,42000,1099000,238000,136000,102000,1003000,6000,997000,185886
20170818,13576500,18941397,-5364897,27000,246000,-219000,-140000,188000,221000,-33000,621000,728000,-107000,-5723897
20170821,3887201,12016486,-8129285,124000,289000,-165000,76780,150000,124220,25780,64000,13000,51000,-8217505
20170822,6375088,11110183,-4735095,360000,70000,290000,1146000,330000,145000,185000,1296000,335000,961000,-3299095
20170823,8323000,16368768,-8045768,228000,414000,-186000,-99000,440000,1345000,-905000,1210000,404000,806000,-8330768
20170824,12134460,18956211,-6821751,67000,719000,-652000,1397000,166000,60000,106000,1324000,33000,1291000,-6076751
20170825,8499000,9875035,-1376035,509000,335000,174000,1532000,1090000,88000,1002000,728000,198000,530000,329965
20170828,8368237,12634217,-4265980,46000,92000,-46000,938000,1160000,50000,1110000,242000,414000,-172000,-3373980
20170829,5572206,10385691,-4813485,0,538000,-538000,99000,0,101000,-101000,271000,71000,200000,-5252485
20170830,14971528,12002097,2969431,100000,20000,80000,-127000,186000,950000,-764000,886000,249000,637000,2922431
20170831,15574391,17695634,-2121243,375000,198000,177000,865017,1390000,351000,1039000,413000,586983,-173983,-1079226
20170901,5996200,6808391,-812191,0,214000,-214000,54000,130000,96000,34000,128000,108000,20000,-972191
20170904,6113025,9076471,-2963446,0,50000,-50000,219000,252000,50000,202000,138000,121000,17000,-2794446
20170905,16371221,18512841,-2141620,55000,143000,-88000,-549622,214000,655000,-441000,125000,233622,-108622,-2779242
20170906,17946800,16502265,1444535,59000,634000,-575000,-2160000,116000,1542000,-1426000,221000,955000,-734000,-1290465
20170907,8454120,14950396,-6496276,165000,655000,-490000,139000,610000,264000,346000,7000,214000,-207000,-6847276
20170908,16229975,17378487,-1148512,102000,190000,-88000,306000,587000,1037000,-450000,1090000,334000,756000,-930512
20170911,4843867,9111191,-4267324,0,229000,-229000,106000,421000,149000,272000,352000,518000,-166000,-4390324
20170912,9651342,9163696,487646,288000,144000,144000,-43000,227000,135000,92000,118000,253000,-135000,588646
20170913,3653730,15289623,-11635893,34000,259000,-225000,-670000,277000,504000,-227000,160000,603000,-443000,-12530893
20170914,8032202,15717987,-7685785,392000,1173000,-781000,-127000,601000,520000,81000,90000,298000,-208000,-8593785
20170915,32404718,41468102,-9063384,433000,158000,275000,-1630000,115000,1626000,-1511000,141000,260000,-119000,-10418384
20170918,8857973,23100224,-14242251,276000,1312000,-1036000,1124000,947000,356000,591000,758000,225000,533000,-14154251
20170919,9107662,45136695,-36029033,211000,3814000,-3603000,-2655000,766000,1055000,-289000,185000,2551000,-2366000,-42287033
20170920,23504100,41965456,-18461356,0,4351000,-4351000,-1107000,1612000,1618000,-6000,774000,1875000,-1101000,-23919356
20170921,23252496,32955246,-9702750,0,2564000,-2564000,948000,1130000,2120000,-990000,3237000,1299000,1938000,-11318750
20170922,9609799,23007433,-13397634,251000,2892000,-2641000,-3572200,957000,938200,18800,43000,3634000,-3591000,-19610834
20170925,14070000,38026103,-23956103,144000,3668000,-3524000,-862000,324000,1254000,-930000,864000,796000,68000,-28342103
20170926,15420179,41088544,-25668365,23000,251000,-228000,762000,593000,417000,176000,1338000,752000,586000,-25134365
20170927,11772084,18255823,-6483739,0,740000,-740000,1168000,655000,540000,115000,1187000,134000,1053000,-6055739
20170928,15034788,21076576,-6041788,0,851000,-851000,-193000,77000,323000,-246000,325000,272000,53000,-7085788
20170929,20489793,15981625,4508168,0,814000,-814000,-123000,259000,192000,67000,330000,520000,-190000,3571168
20170930,1501000,898000,603000,100000,0,100000,733000,105000,170000,-65000,962000,164000,798000,1436000
20171002,11170519,10925078,245441,137000,1275000,-1138000,784942,898000,534058,363942,467000,46000,421000,-107617
20171003,11302765,16202454,-4899689,15602,787000,-771398,-408000,250000,0,250000,39000,697000,-658000,-6079087
20171005,9259809,12276000,-3016191,205000,318000,-113000,-323000,124000,208000,-84000,68000,307000,-239000,-3452191
20171006,10523863,12490423,-1966560,33000,155000,-122000,-107000,80000,53000,27000,192000,326000,-134000,-2195560
20171011,24564633,21549053,3015580,131000,301000,-170000,-508000,448000,1099000,-651000,1089000,946000,143000,2337580
20171012,15800535,23292617,-7492082,217000,40000,177000,1084000,333000,25000,308000,1463000,687000,776000,-6231082
20171013,12695000,15966079,-3271079,115000,36000,79000,-347000,3000,152000,-149000,70000,268000,-198000,-3539079
20171016,15898000,12600838,3297162,232000,748000,-516000,37000,497000,373000,124000,937000,1024000,-87000,2818162
20171017,23906837,14154000,9752837,77000,260000,-183000,174000,766000,567000,199000,593000,618000,-25000,9743837
20171018,25630383,12928723,12701660,861000,989900,-128900,-1861000,459000,2036000,-1577000,425000,709000,-284000,10711760
20171019,24591932,10312190,14279742,0,273000,-273000,3005000,1196000,366000,830000,2317000,142000,2175000,17011742
20171020,12672150,10956144,1716006,85000,75000,10000,94000,356000,185000,171000,515000,592000,-77000,1820006
20171023,11454888,11529502,-74614,0,4495000,-4495000,-1141000,348000,623000,-275000,111000,977000,-866000,-5710614
20171024,14549448,15395797,-846349,0,549425,-549425,-715000,25000,537000,-512000,341000,544000,-203000,-2110774
20171025,14468333,12104306,2364027,0,136000,-136000,-305000,500000,195000,305000,469000,1079000,-610000,1923027
20171026,8432502,10311371,-1878869,12000,217000,-205000,185000,225000,101000,124000,104000,43000,61000,-1898869
20171027,12337000,11024793,1312207,0,367000,-367000,-72000,373000,565000,-192000,393000,273000,120000,873207
20171030,19636000,14986278,4649722,54000,0,54000,414000,573000,1377000,-804000,1369000,151000,1218000,5117722
20171031,15812115,19367462,-3555347,103000,298000,-195000,520000,217000,238000,-21000,717000,176000,541000,-3230347
20171101,8646101,10107177,-1461076,0,31000,-31000,324000,289000,269000,20000,477000,173000,304000,-1168076
20171102,15873000,6425331,9447669,175000,434000,-259000,-703000,10000,672000,-662000,409000,450000,-41000,8485669
20171103,15315587,13543266,1772321,23000,36000,-13000,1145000,617000,118000,499000,891000,245000,646000,2904321
20171106,7545424,10410300,-2864876,149000,1000,148000,-648000,74000,266000,-192000,460000,916000,-456000,-3364876
20171107,9909041,17819203,-7910162,738000,0,738000,-75000,285000,144000,141000,28000,244000,-216000,-7247162
20171108,7500200,16707386,-9207186,270000,320000,-50000,206000,333000,25000,308000,281000,383000,-102000,-9051186
20171109,9127152,19747796,-10620644,128000,289000,-161000,-2923000,133000,897000,-764000,176000,2335000,-2159000,-13704644
20171110,15551000,29909786,-14358786,40000,1189000,-1149000,-345000,320000,464000,-144000,591000,792000,-201000,-15852786
20171113,12180500,11112586,1067914,194000,990000,-796000,-2558000,28000,628000,-600000,24000,1982000,-1958000,-2286086
20171114,9124635,18920444,-9795809,9000,276400,-267400,-1342000,89000,291000,-202000,67000,1207000,-1140000,-11405209
20171115,15793149,91853356,-76060207,13000,2356190,-2343190,-5576000,260000,2015000,-1755000,314000,4135000,-3821000,-83979397
20171116,13396338,26366445,-12970107,0,562000,-562000,1249000,537000,67000,470000,1034000,255000,779000,-12283107
20171117,14978294,34488338,-19510044,8000,3000,5000,499000,20000,310000,-290000,1026000,237000,789000,-19006044
20171120,5986811,24221203,-18234392,16000,186000,-170000,-830000,168000,134000,34000,4000,868000,-864000,-19234392
20171121,11025831,22097000,-11071169,0,423000,-423000,1397000,399000,0,399000,1125000,127000,998000,-10097169
20171122,16616083,33135702,-16519619,0,1294000,-1294000,-11000,360000,0,360000,334000,705000,-371000,-17824619
20171123,10750733,9307144,1443589,15000,338000,-323000,1883000,35000,127000,-92000,2328000,353000,1975000,3003589
20171124,5562000,14519059,-8957059,8000,127000,-119000,-186000,90000,12000,78000,182000,446000,-264000,-9262059
20171127,5938000,21841224,-15903224,0,415000,-415000,-1292000,71000,119000,-48000,34000,1278000,-1244000,-17610224
20171128,9657000,24109960,-14452960,0,573000,-573000,-455000,29000,104000,-75000,32000,412000,-380000,-15480960
20171129,7452783,14541885,-7089102,0,2381000,-2381000,-198000,7000,0,7000,29000,234000,-205000,-9668102
20171130,24084303,51285788,-27201485,0,261000,-261000,-1934000,141000,916000,-775000,69000,1228000,-1159000,-29396485
20171201,16142082,44621445,-28479363,14000,717000,-703000,-2092000,291000,1126000,-835000,509000,1766000,-1257000,-31274363
20171204,13677960,19722702,-6044742,0,328000,-328000,-420000,184000,339000,-155000,299000,564000,-265000,-6792742
20171205,16253076,49814467,-33561391,51000,4247000,-4196000,-1640000,70000,785000,-715000,489000,1414000,-925000,-39397391
20171206,23942880,55541865,-31598985,36000,483000,-447000,-228000,408000,472000,-64000,1117000,1281000,-164000,-32273985
20171207,11613200,21466778,-9853578,0,1134000,-1134000,431000,216000,296000,-80000,888000,377000,511000,-10556578
20171208,11168155,26511967,-15343812,0,204000,-204000,-436000,435000,1095000,-660000,711000,487000,224000,-15983812
20171211,20389362,37628389,-17239027,0,404000,-404000,1904000,80000,1384000,-1304000,3821000,613000,3208000,-15739027
20171212,17685915,29866207,-12180292,9000,273000,-264000,-2775000,156000,1155000,-999000,76000,1852000,-1776000,-15219292
20171213,16034327,25563052,-9528725,0,20000,-20000,-284000,0,68000,-68000,459000,675000,-216000,-9832725
20171214,14260899,16060238,-1799339,340000,543000,-203000,2018000,237000,0,237000,2013000,232000,1781000,15661
20171215,28098552,39513851,-11415299,229000,273000,-44000,-2197000,13000,226000,-213000,36000,2020000,-1984000,-13656299
20171218,10495230,12410022,-1914792,0,0,0,0,376000,-376000,-213000,60000,58000,2000,180000,395000,-215000,-2503792
20171219,9524336,46324869,-36800533,0,0,0,0,883000,-883000,-1788000,42000,265000,-223000,80000,1645000,-1565000,-39471533
20171220,17089000,17266903,-177903,0,0,0,0,1095000,-1095000,400000,131000,104000,27000,1133000,760000,373000,-872903
20171221,9083750,11781362,-2697612,0,0,0,40000,270000,-230000,199000,212000,9000,203000,159000,163000,-4000,-2728612
20171222,10459072,11022790,-563718,0,0,0,3000,60000,-57000,-150000,0,3000,-3000,76000,223000,-147000,-770718
20171225,2873000,4040100,-1167100,0,0,0,0,820000,-820000,-578000,31000,172000,-141000,74000,511000,-437000,-2565100
20171226,1973000,8385270,-6412270,0,0,0,42000,268881,-226881,-2404000,0,86000,-86000,31000,2349000,-2318000,-9043151
20171227,13778000,8328459,5449541,0,0,0,8000,760000,-752000,-168000,10000,85000,-75000,150000,243000,-93000,4529541
20171228,18136902,10250908,7885994,0,0,0,10000,664000,-654000,2628000,268000,62000,206000,2554000,132000,2422000,9859994
20171229,16250092,10525281,5724811,0,0,0,76000,866000,-790000,-406000,4000,17000,-13000,270000,663000,-393000,4528811
20180102,10664100,7748639,2915461,0,0,0,0,272000,-272000,-184000,85000,105000,-20000,163000,327000,-164000,2459461
20180103,14986143,35519650,-20533507,0,0,0,0,194000,-194000,1573000,1109000,345000,764000,1041000,232000,809000,-19154507
20180104,9825887,25565815,-15739928,0,0,0,0,2486000,-2486000,-430000,225000,410000,-185000,322000,567000,-245000,-18655928
20180105,23827629,27766537,-3938908,0,0,0,0,1412185,-1412185,313000,246000,970000,-724000,1258000,221000,1037000,-5038093
20180108,15019433,26682805,-11663372,0,0,0,4000,158000,-154000,-502000,25000,306000,-281000,137000,358000,-221000,-12319372
20180109,17054245,22803372,-5749127,0,0,0,0,634000,-634000,-205000,25000,302000,-277000,190000,118000,72000,-6588127
20180110,9908032,36032557,-26124525,0,0,0,5000,62000,-57000,-778000,75000,320000,-245000,224000,757000,-533000,-26959525
20180111,18654000,44181809,-25527809,0,0,0,0,101000,-101000,2109000,215000,620000,-405000,2553000,39000,2514000,-23519809
20180112,12001053,28132899,-16131846,0,0,0,518000,290000,228000,363000,26000,620000,-594000,1458000,501000,957000,-15540846
20180115,14593000,7921278,6671722,0,0,0,25000,6000,19000,1757000,605000,510000,95000,2058000,396000,1662000,8447722
20180116,15295088,19796311,-4501223,0,0,0,0,51000,-51000,-640000,189000,60000,129000,193000,962000,-769000,-5192223
20180117,22091954,15653352,6438602,0,0,0,52000,267000,-215000,-970000,10000,484000,-474000,90000,586000,-496000,5253602
20180118,18213938,15986964,2226974,0,0,0,0,240000,-240000,3061000,314000,50000,264000,3086000,289000,2797000,5047974
20180119,25923452,16364885,9558567,0,0,0,208000,628000,-420000,9246000,1163000,455000,708000,9254000,716000,8538000,18384567
20180122,16186182,29307943,-13121761,0,0,0,95000,118000,-23000,-1967000,677000,208000,469000,884000,3320000,-2436000,-15111761
20180123,15963000,14338801,1624199,0,0,0,47000,272796,-225796,-2672000,69000,1034000,-965000,284000,1991000,-1707000,-1273597
20180124,12204800,21626873,-9422073,0,0,0,0,208000,-208000,-570000,200000,67000,133000,585000,1288000,-703000,-10200073
20180125,29193400,29561384,-367984,0,0,0,11000,0,11000,-1533000,260000,254000,6000,486000,2025000,-1539000,-1889984
20180126,16095000,28679936,-12584936,0,0,0,0,1015000,-1015000,527000,196000,17000,179000,1234000,886000,348000,-13072936
20180129,14243515,24611413,-10367898,0,0,0,0,60000,-60000,-675000,10000,274000,-264000,730000,1141000,-411000,-11102898
20180130,11693000,21605916,-9912916,0,0,0,82000,0,82000,-276000,60000,28000,32000,268000,576000,-308000,-10106916
20180131,14915485,34165979,-19250494,0,0,0,5000,2000,3000,256000,1028000,100000,928000,574000,1246000,-672000,-18991494
20180201,17442390,11968766,5473624,0,0,0,10000,1070000,-1060000,1173000,735000,438000,297000,1453000,577000,876000,5586624
20180202,18806075,14339991,4466084,0,0,0,50000,0,50000,1563000,530000,122000,408000,2078000,923000,1155000,6079084
20180205,21633483,40468926,-18835443,0,0,0,34000,0,34000,-3277000,55000,294000,-239000,285000,3323000,-3038000,-22078443
20180206,22203275,74391190,-52187915,0,0,0,521000,131000,390000,-6797000,1484000,1146000,338000,767000,7902000,-7135000,-58594915
20180207,26170256,51666458,-25496202,0,0,0,2186000,2000,2184000,170000,161000,410000,-249000,843000,424000,419000,-23142202
20180208,10542345,28368867,-17826522,0,0,0,8000,0,8000,-453000,80000,115000,-35000,326000,744000,-418000,-18271522
20180209,11485467,45139839,-33654372,0,0,0,158000,0,158000,-875000,718000,81000,637000,410000,1922000,-1512000,-34371372
20180212,10496191,45421679,-34925488,0,0,0,64000,0,64000,-960000,56000,41000,15000,726000,1701000,-975000,-35821488
20180221,29589753,46913326,-17323573,0,0,0,0,33000,-33000,-812000,184000,537000,-353000,338000,797000,-459000,-18168573
20180222,18639544,35934620,-17295076,0,0,0,0,178000,-178000,-779000,5000,10000,-5000,60000,834000,-774000,-18252076
20180223,35129962,36623569,-1493607,0,0,0,92000,0,92000,1355000,178000,82000,96000,1426000,167000,1259000,-46607
20180226,19209640,30274592,-11064952,0,0,0,9000,0,9000,508000,83000,0,83000,721000,296000,425000,-10547952
20180227,21497773,29140361,-7642588,0,0,0,0,3000,-3000,92000,263000,10000,253000,325000,486000,-161000,-7553588
20180301,18055199,33765298,-15710099,0,0,0,0,245000,-245000,-665000,30000,196000,-166000,252000,751000,-499000,-16620099
20180302,5912828,18855774,-12942946,0,0,0,18000,235000,-217000,-509000,101000,118000,-17000,198000,690000,-492000,-13668946
20180305,9228200,20765666,-11537466,0,0,0,0,338991,-338991,-427000,247000,222000,25000,205000,657000,-452000,-12303457
20180306,18101000,16844383,1256617,0,0,0,0,0,0,1182000,456000,126000,330000,1083000,231000,852000,2438617
20180307,12202000,20831242,-8629242,0,0,0,0,200000,-200000,961000,474000,159000,315000,1247000,601000,646000,-7868242
20180308,11709310,19660529,-7951219,0,0,0,0,0,0,975000,390000,40000,350000,1110000,485000,625000,-6976219
20180309,22536602,27723449,-5186847,0,0,0,839000,0,839000,6352000,862000,215000,647000,6202000,497000,5705000,2004153
20180312,50326635,13911832,36414803,0,0,0,508000,0,508000,1857000,702000,206000,496000,2720000,1359000,1361000,38779803
20180313,25418212,27410524,-1992312,0,0,0,480000,29000,451000,3152000,1060000,422000,638000,4013000,1499000,2514000,1610688
20180314,8922286,23132870,-14210584,0,0,0,20000,0,20000,-2757000,805000,311000,494000,401000,3652000,-3251000,-16947584
20180315,14421000,19619188,-5198188,0,0,0,10000,0,10000,235000,275000,278000,-3000,1166000,928000,238000,-4953188
20180316,49837862,53143684,-3305822,0,0,0,153000,198000,-45000,-1072000,147000,346000,-199000,698000,1571000,-873000,-4422822
20180319,9563000,11421280,-1858280,0,0,0,29000,43000,-14000,-247000,77000,11000,66000,629000,942000,-313000,-2119280
20180320,12710000,17249047,-4539047,0,0,0,23000,48000,-25000,-252000,114000,333000,-219000,682000,715000,-33000,-4816047
20180321,10038700,17626630,-7587930,0,0,0,11000,300500,-289500,414000,66000,55000,11000,977000,574000,403000,-7463430
20180322,14449398,9165342,5284056,0,0,0,0,0,0,-571000,32000,133000,-101000,903000,1373000,-470000,4713056
20180323,10295384,31188031,-20892647,0,0,0,0,0,0,-3872000,52000,767000,-715000,680000,3837000,-3157000,-24764647
20180326,5200210,16311190,-11110980,0,0,0,11000,177000,-166000,410000,510000,103000,407000,693000,690000,3000,-10866980
20180327,11206281,15885290,-4679009,0,0,0,103,0,103,1810000,30000,0,30000,2422000,642000,1780000,-2868906
20180328,7024862,11622057,-4597195,0,0,0,0,0,0,-2013000,22000,452000,-430000,305000,1888000,-1583000,-6610195
20180329,5809221,20779730,-14970509,0,0,0,0,0,0,-398000,66000,32000,34000,452000,884000,-432000,-15368509
20180330,6606000,10804190,-4198190,0,0,0,0,56000,-56000,4591000,85000,70000,15000,5060000,484000,4576000,336810
20180331,1392185,1656000,-263815,0,0,0,0,50000,-50000,-10682000,103000,1559000,-1456000,455000,9681000,-9226000,-10995815
20180402,3888939,28379717,-24490778,0,0,0,0,50000,-50000,-153000,177000,0,177000,1359000,1689000,-330000,-24693778
20180403,6978584,34456588,-27478004,0,0,0,0,0,0,-717000,124000,204000,-80000,803000,1440000,-637000,-28195004
20180409,27698054,39665897,-11967843,0,0,0,8000,110000,-102000,1656000,237000,53000,184000,1864000,392000,1472000,-10413843
20180410,9066996,25138975,-16071979,0,0,0,0,24000,-24000,257000,116000,13000,103000,532000,378000,154000,-15838979
20180411,10298800,22995012,-12696212,0,0,0,0,116,-116,1750000,882000,106000,776000,1627000,653000,974000,-10946328
20180412,4747263,28655608,-23908345,0,0,0,0,260000,-260000,-691000,66000,147000,-81000,576000,1186000,-610000,-24859345
20180413,6700000,15992008,-9292008,0,0,0,27000,0,27000,21000,14000,80000,-66000,689000,602000,87000,-9244008
20180416,6307217,10364791,-4057574,0,0,0,0,61000,-61000,623000,199000,0,199000,794000,370000,424000,-3495574
20180417,7894200,27307089,-19412889,0,0,0,13000,454000,-441000,-1303000,86000,40000,46000,213000,1562000,-1349000,-21156889
20180418,12486158,23635596,-11149438,0,0,0,11000,859000,-848000,-4148000,181000,811000,-630000,262000,3780000,-3518000,-16145438
20180419,20283165,26879716,-6596551,0,0,0,0,219950,-219950,303000,307000,863000,-556000,2191000,1332000,859000,-6513501
20180420,6833101,14541233,-7708132,0,0,0,11000,0,11000,-1112000,41000,77000,-36000,76000,1152000,-1076000,-8809132
20180423,6768962,20718312,-13949350,0,0,0,16000,873000,-857000,-1271000,52000,6000,46000,130000,1447000,-1317000,-16077350
20180424,8518067,29016867,-20498800,0,0,0,40000,216000,-176000,-1080000,153000,171000,-18000,282000,1344000,-1062000,-21754800
20180425,7204000,22188275,-14984275,0,0,0,99000,1045000,-946000,303000,67000,40000,27000,735000,459000,276000,-15627275
20180426,11857366,17816693,-5959327,0,0,0,10000,0,10000,-13000,102000,78000,24000,337000,374000,-37000,-5962327
20180427,11834028,15998652,-4164624,0,0,0,250000,0,250000,491000,51000,21000,30000,575000,114000,461000,-3423624
20180430,10014344,11297758,-1283414,0,0,0,0,0,0,1115000,83000,43000,40000,1274000,199000,1075000,-168414
20180502,12405998,25926510,-13520512,0,0,0,288000,0,288000,-481000,30000,63000,-33000,211000,659000,-448000,-13713512
20180503,10482703,40502601,-30019898,0,0,0,333000,44000,289000,267000,93000,51000,42000,699000,474000,225000,-29463898
20180504,9568400,16352084,-6783684,0,0,0,10000,50000,-40000,-22000,60000,34000,26000,311000,359000,-48000,-6845684
20180507,9251088,13969948,-4718860,0,0,0,0,25000,-25000,723000,343000,206000,137000,893000,307000,586000,-4020860
20180508,17998000,13803604,4194396,0,0,0,1000,0,1000,40000,59000,56000,3000,564000,527000,37000,4235396
20180509,13031000,21220805,-8189805,0,0,0,0,0,0,-521000,54000,314000,-260000,378000,639000,-261000,-8710805
20180510,14512000,10424714,4087286,0,0,0,16000,0,16000,-234000,101000,25000,76000,419000,729000,-310000,3869286
20180511,23778000,6029855,17748145,0,0,0,0,82000,-82000,2995000,734000,21000,713000,2736000,454000,2282000,20661145
20180514,51853018,19086078,32766940,0,0,0,2352000,20000,2332000,2606000,724000,187000,537000,3797000,1728000,2069000,37704940
20180515,25357083,18431081,6926002,0,0,0,0,19000,-19000,-2939000,934000,889000,45000,472000,3456000,-2984000,3968002
20180516,16074261,22792016,-6717755,0,0,0,0,1309000,-1309000,183000,343000,459000,-116000,1321000,1022000,299000,-7843755
20180517,11220794,13374150,-2153356,0,0,0,11000,0,11000,628000,221000,99000,122000,998000,492000,506000,-1514356
20180518,8998075,12030844,-3032769,0,0,0,9000,33000,-24000,210000,142000,44000,98000,594000,482000,112000,-2846769
20180521,9123906,8211988,911918,0,0,0,0,0,0,2616000,874000,20000,854000,1996000,234000,1762000,3527918
20180522,7568000,14122661,-6554661,0,0,0,0,0,0,-806000,46000,88000,-42000,463000,1227000,-764000,-7360661
20180523,10010877,9031017,979860,0,0,0,0,24,-24,-242000,116000,125000,-9000,498000,731000,-233000,737836
20180524,11728410,12402972,-674562,0,0,0,0,18000,-18000,684000,140000,2000,138000,836000,290000,546000,-8562
20180525,21939018,8758610,13180408,0,0,0,0,0,0,5629000,494000,13000,481000,6126000,978000,5148000,18809408
20180528,32222018,8732225,23489793,0,0,0,250000,0,250000,3106000,708000,136000,572000,4228000,1694000,2534000,26845793
20180529,21140801,16953205,4187596,0,0,0,0,14000,-14000,-3881000,24000,1150000,-1126000,848000,3603000,-2755000,292596
20180530,19355658,22477733,-3122075,0,0,0,28000,18000,10000,937000,330000,205000,125000,1916000,1104000,812000,-2175075
20180531,61125666,70599742,-9474076,0,0,0,28000,0,28000,147000,570000,520000,50000,853000,756000,97000,-9299076
20180601,11959051,10878221,1080830,0,0,0,18000,2000,16000,-475000,16000,250000,-234000,313000,554000,-241000,621830
20180604,14413419,17186674,-2773255,0,0,0,20000,0,20000,2912000,800000,2000,798000,2798000,684000,2114000,158745
20180605,15206018,14168075,1037943,0,0,0,28000,0,28000,1112000,666000,130000,536000,1422000,846000,576000,2177943
20180606,25094581,10741336,14353245,0,0,0,110000,23000,87000,4560000,1724000,35000,1689000,3553000,682000,2871000,19000245
20180607,36229616,19673381,16556235,0,0,0,325000,20,324980,10072944,1372000,322000,1050000,10526944,1504000,9022944,26954159
20180608,26853000,40447112,-13594112,0,0,0,65000,26000,39000,-11606000,1504000,2931000,-1427000,597000,10776000,-10179000,-25161112
20180611,14213000,14349520,-136520,0,0,0,27000,4000,23000,1811000,459000,1064000,-605000,3471000,1055000,2416000,1697480
20180612,23121990,23106126,15864,0,0,0,0,9000,-9000,-1516000,50000,675000,-625000,785000,1676000,-891000,-1509136
20180613,16283918,11296974,4986944,0,0,0,26000,32000,-6000,-1414000,52000,661000,-609000,442000,1247000,-805000,3566944
20180614,16496000,34886686,-18390686,0,0,0,50000,507000,-457000,-3269000,34000,414000,-380000,366000,3255000,-2889000,-22116686
20180615,26652442,38218220,-11565778,0,0,0,80000,756100,-676100,-2159000,32000,1461000,-1429000,399000,1129000,-730000,-14400878
20180619,19298000,46683748,-27385748,0,0,0,0,0,0,-2927000,37000,324000,-287000,344000,2984000,-2640000,-30312748
20180620,17611557,24605748,-6994191,0,0,0,1021,12000,-10979,1583000,830000,75000,755000,2058000,1230000,828000,-5422170
20180621,12695000,18835174,-6140174,0,0,0,0,10000,-10000,-356000,258000,103000,155000,506000,1017000,-511000,-6506174
20180622,9001978,17964499,-8962521,0,0,0,0,338000,-338000,-73000,409000,16000,393000,1036000,1502000,-466000,-9373521
20180625,9854000,22901889,-13047889,0,0,0,0,50000,-50000,-379000,28000,97000,-69000,427000,737000,-310000,-13476889
20180626,10200787,21690749,-11489962,0,0,0,0,170500,-170500,747000,50000,20000,30000,1269000,552000,717000,-10913462
20180627,8147490,22919806,-14772316,0,0,0,22000,9000,13000,-250000,350000,316000,34000,660000,944000,-284000,-15009316
20180628,9093849,18889996,-9796147,0,0,0,10000,0,10000,-152000,270000,248000,22000,489000,663000,-174000,-9938147
20180629,21622132,19296348,2325784,0,0,0,0,11000,-11000,757000,183000,421000,-238000,1291000,296000,995000,3071784
20180702,10216001,19731695,-9515694,0,0,0,14000,15000,-1000,-782000,402000,334000,68000,369000,1219000,-850000,-10298694
20180703,5628200,13513526,-7885326,0,0,0,50000,551000,-501000,-130000,32000,7000,25000,251000,406000,-155000,-8516326
20180704,8482760,5890021,2592739,0,0,0,0,23000,-23000,1214000,930000,3000,927000,729000,442000,287000,3783739
20180705,10438000,8228000,2210000,0,0,0,18000,0,18000,-1184000,268000,413000,-145000,131000,1170000,-1039000,1044000
20180706,11721200,26226152,-14504952,0,0,0,30000,3000,27000,206000,357000,206000,151000,730000,675000,55000,-14271952
20180709,13168585,14159800,-991215,0,0,0,0,0,0,1101000,593000,0,593000,932000,424000,508000,109785
20180710,14289000,21462275,-7173275,0,0,0,0,0,0,315000,158000,0,158000,486000,329000,157000,-6858275
20180711,17802375,17284453,517922,0,0,0,236000,100000,136000,-530000,400000,1099000,-699000,986000,817000,169000,123922
20180712,12183755,18787957,-6604202,0,0,0,0,20000,-20000,549000,290000,0,290000,718000,459000,259000,-6075202
20180713,15034072,14110052,924020,0,0,0,0,0,0,1829000,423000,60000,363000,1965000,499000,1466000,2753020
20180716,11657000,11027000,630000,0,0,0,360000,0,360000,-25000,50000,32000,18000,490000,533000,-43000,965000
20180717,15411336,11380400,4030936,0,0,0,98000,41000,57000,1042000,379000,2000,377000,1234000,569000,665000,5129936
20180718,22513391,15425364,7088027,0,0,0,10000,15000,-5000,3497000,3234000,626000,2608000,2355000,1466000,889000,10580027
20180719,17967578,6023800,11943778,0,0,0,388000,17000,371000,992000,765000,150000,615000,1735000,1358000,377000,13306778
20180720,16491646,11003868,5487778,0,0,0,216000,0,216000,634000,742000,177000,565000,1187000,1118000,69000,6337778
20180723,15974018,5881300,10092718,0,0,0,35000,1000,34000,3619000,423000,163000,260000,3814000,455000,3359000,13745718
20180724,13748585,18543300,-4794715,0,0,0,136000,0,136000,15344043,2899000,135000,2764000,12751043,171000,12580043,10685328
20180725,6717707,10788200,-4070493,0,0,0,89000,0,89000,-10317000,70000,1159000,-1089000,210000,9438000,-9228000,-14298493
20180726,10728859,10617600,111259,0,0,0,41000,9000,32000,-1824000,219000,439000,-220000,189000,1793000,-1604000,-1680741
20180727,13302000,14200972,-898972,0,0,0,23000,0,23000,-870000,500000,148000,352000,210000,1432000,-1222000,-1745972
20180730,26090018,12743000,13347018,0,0,0,10000,14000,-4000,-359000,366000,736000,-370000,983000,972000,11000,12984018
20180731,14875943,16702130,-1826187,0,0,0,1000,0,1000,-2494000,1000,990000,-989000,111000,1616000,-1505000,-4319187
20180801,19516000,17510671,2005329,0,0,0,659000,0,659000,-1015000,10000,786000,-776000,200000,439000,-239000,1649329
20180802,15419460,15569251,-149791,0,0,0,462000,14000,448000,-2305000,8000,892000,-884000,128000,1549000,-1421000,-2006791
20180803,14075000,12932791,1142209,0,0,0,361000,0,361000,-303000,0,216000,-216000,311000,398000,-87000,1200209
20180806,10296018,6433393,3862625,0,0,0,100000,0,100000,679000,80000,157000,-77000,1102000,346000,756000,4641625
20180807,16105268,14883028,1222240,0,0,0,1081000,18000,1063000,-644000,66000,85000,-19000,331000,956000,-625000,1641240
20180808,22540468,14676167,7864301,0,0,0,0,0,0,-727000,43000,153000,-110000,429000,1046000,-617000,7137301
20180809,17717973,8297330,9420643,0,0,0,334000,0,334000,-971000,71000,265000,-194000,164000,941000,-777000,8783643
20180810,21965586,11106059,10859527,0,0,0,2300000,15000,2285000,-610000,50000,193000,-143000,142000,609000,-467000,12534527
20180813,11656532,15133904,-3477372,0,0,0,3050000,17000,3033000,-3497000,146000,1552000,-1406000,180000,2271000,-2091000,-3941372
20180814,13634922,40152245,-26517323,0,0,0,18000,0,18000,-3000000,92000,1091000,-999000,179000,2180000,-2001000,-29499323
20180815,15898080,12199085,3698995,0,0,0,42000,1144000,-1102000,-3028000,134000,1684000,-1550000,469000,1947000,-1478000,-431005
20180816,12231412,13632919,-1401507,0,0,0,0,0,0,1399000,41000,100000,-59000,1619000,161000,1458000,-2507
20180817,14073500,11623797,2449703,0,0,0,19000,1790000,-1771000,-1243000,0,228000,-228000,53000,1068000,-1015000,-564297
20180820,11817353,12683733,-866380,0,0,0,0,22000,-22000,-66000,0,201000,-201000,247000,112000,135000,-954380
20180821,10594405,15968000,-5373595,0,0,0,13000,26000,-13000,-282000,3000,450000,-447000,249000,84000,165000,-5668595
20180822,11587548,9640779,1946769,0,0,0,2000,0,2000,-1077000,0,1025000,-1025000,68000,120000,-52000,871769
20180823,14681374,9697000,4984374,0,0,0,0,4070000,-4070000,-18000,5000,16000,-11000,146000,153000,-7000,896374
20180824,9277000,15455338,-6178338,0,0,0,0,25000,-25000,-315000,1000,39000,-38000,216000,493000,-277000,-6518338
20180827,7754609,11007244,-3252635,0,0,0,0,50000,-50000,501000,36000,2000,34000,596000,129000,467000,-2801635
20180828,12284513,15598807,-3314294,0,0,0,0,500000,-500000,215000,113000,0,113000,227000,125000,102000,-3599294
20180829,11616803,13526512,-1909709,0,0,0,0,160000,-160000,-494000,110000,482000,-372000,75000,197000,-122000,-2563709
20180830,12676906,19058969,-6382063,0,0,0,0,12000,-12000,11000,23000,23000,0,379000,368000,11000,-6383063
20180831,14497106,31914902,-17417796,0,0,0,5000,130000,-125000,-1017000,32000,247000,-215000,127000,929000,-802000,-18559796
20180903,8056620,14129388,-6072768,0,0,0,49000,60000,-11000,-329000,0,153000,-153000,190000,366000,-176000,-6412768
20180904,7501786,11564756,-4062970,0,0,0,0,248000,-248000,-143000,0,0,0,74000,217000,-143000,-4453970
20180905,18410180,19954005,-1543825,0,0,0,0,58382,-58382,-979000,0,1009000,-1009000,295000,265000,30000,-2581207
20180906,12956100,24967254,-12011154,0,0,0,0,0,0,-1076000,0,100000,-100000,83000,1059000,-976000,-13087154
20180907,15970000,30361869,-14391869,0,0,0,19099,0,19099,-2198000,107000,891000,-784000,146000,1560000,-1414000,-16570770
20180910,23591315,38712343,-15121028,0,0,0,0,147000,-147000,-1727000,238000,903000,-665000,208000,1270000,-1062000,-16995028
20180911,24334000,27837752,-3503752,0,0,0,358000,0,358000,768000,51000,174000,-123000,1358000,467000,891000,-2377752
20180912,21850200,28683369,-6833169,0,0,0,0,0,0,226000,975000,6000,969000,263000,1006000,-743000,-6607169
20180913,10396054,23511613,-13115559,0,0,0,0,0,0,-69000,30000,2000,28000,307000,404000,-97000,-13184559
20180914,20593000,15127428,5465572,0,0,0,105000,0,105000,1069000,290000,0,290000,1082000,303000,779000,6639572
20180917,7982819,8975401,-992582,0,0,0,0,0,0,-344000,0,160000,-160000,22000,206000,-184000,-1336582
20180918,12280947,23579694,-11298747,0,0,0,0,0,0,-1176000,134000,324000,-190000,294000,1280000,-986000,-12474747
20180919,18714612,20955868,-2241256,0,0,0,0,0,0,-670000,655000,1178000,-523000,551000,698000,-147000,-2911256
20180920,12554768,14277152,-1722384,0,0,0,1000,75000,-74000,-1563000,3000,440000,-437000,48000,1174000,-1126000,-3359384
20180921,32909510,42949154,-10039644,0,0,0,376000,95000,281000,255000,81000,0,81000,371000,197000,174000,-9503644
20180925,13565346,11428000,2137346,0,0,0,0,0,0,329000,50000,3000,47000,391000,109000,282000,2466346
20180926,16349190,12625193,3723997,0,0,0,4000,0,4000,1187000,74000,121000,-47000,1421000,187000,1234000,4914997
20180927,19551180,9507333,10043847,0,0,0,5000,4000,1000,-397000,85000,99000,-14000,304000,687000,-383000,9647847
20180928,23507296,14791365,8715931,0,0,0,10000,0,10000,-1535000,0,185000,-185000,82000,1432000,-1350000,7190931
20181001,11261548,6572845,4688703,0,0,0,0,0,0,313000,86000,123000,-37000,791000,441000,350000,5001703
20181002,17057000,26671576,-9614576,0,0,0,0,22000,-22000,-606000,82000,199000,-117000,429000,918000,-489000,-10242576
20181003,21377650,20822030,555620,0,0,0,8000,0,8000,-88000,49000,21000,28000,250000,366000,-116000,475620
20181004,7204809,21631500,-14426691,0,0,0,10000,0,10000,-690000,87000,76000,11000,337000,1038000,-701000,-15106691
20181005,11475370,19357246,-7881876,0,0,0,31000,432992,-401992,10622,281000,41000,240000,616000,845378,-229378,-8273246
20181008,4995000,11989000,-6994000,0,0,0,44000,340000,-296000,239000,166000,0,166000,452000,379000,73000,-7051000
20181009,7642000,14177100,-6535100,0,0,0,60000,13000,47000,104000,50000,51000,-1000,326000,221000,105000,-6384100
20181011,25012900,65861566,-40848666,0,0,0,181000,14000,167000,-706000,1222000,586000,636000,355000,1697000,-1342000,-41387666
20181012,17745480,31168969,-13423489,0,0,0,240000,0,240000,1380000,146000,0,146000,1397000,163000,1234000,-11803489
20181015,13149000,23798275,-10649275,0,0,0,58000,0,58000,-1095000,0,0,0,118000,1213000,-1095000,-11686275
20181016,14870475,23858983,-8988508,0,0,0,37000,0,37000,130000,175000,48000,127000,393000,390000,3000,-8821508
20181017,35817250,53605317,-17788067,0,0,0,0,1078407,-1078407,-763356,161000,1133000,-972000,826000,617356,208644,-19629830
20181026,34861523,28352552,6508971,0,0,0,191000,363000,-172000,-3014000,252000,379000,-127000,477000,3364000,-2887000,3322971
20181029,13928829,18610495,-4681666,0,0,0,2000,695000,-693000,283000,183000,271000,-88000,455000,84000,371000,-5091666
20181030,16625000,8615428,8009572,0,0,0,9000,191000,-182000,-741000,94000,513000,-419000,173000,495000,-322000,7086572
20181031,26873000,18402293,8470707,0,0,0,15000,110400,-95400,-1014000,167000,432000,-265000,118000,867000,-749000,7361307
20181101,14939428,13594675,1344753,0,0,0,0,24800,-24800,698842,465000,84000,381000,526842,209000,317842,2018795
20181102,22810308,16298683,6511625,0,0,0,0,0,0,1055000,214000,1000,213000,932000,90000,842000,7566625
20181105,11538200,12294508,-756308,0,0,0,0,0,0,-391000,20000,257000,-237000,247000,401000,-154000,-1147308
20181106,9596600,15084785,-5488185,0,0,0,0,84600,-84600,113000,318000,162000,156000,510000,553000,-43000,-5459785
20181107,12377100,16150208,-3773108,0,0,0,54000,0,54000,159600,107000,146400,-39400,503000,304000,199000,-3559508
20181108,12495889,15674954,-3179065,0,0,0,132000,50000,82000,121000,114000,17000,97000,346000,322000,24000,-2976065
20181109,15138100,19559632,-4421532,0,0,0,6000,29000,-23000,-273000,98000,470000,-372000,572000,473000,99000,-4717532
20181112,12778100,15070278,-2292178,0,0,0,50000,0,50000,338000,75000,22000,53000,492000,207000,285000,-1904178
20181113,15242535,20873702,-5631167,0,0,0,70000,226139,-156139,340000,344000,28000,316000,598000,574000,24000,-5447306
20181114,11146342,21407311,-10260969,0,0,0,7000,0,7000,-580884,0,367884,-367884,396000,609000,-213000,-10834853
20181115,10674600,19435027,-8760427,0,0,0,7000,0,7000,680000,88000,70000,18000,996000,334000,662000,-8073427
20181116,12226391,17030557,-4804166,0,0,0,27000,0,27000,-11000,0,28000,-28000,424000,407000,17000,-4788166
20181119,10973483,22516436,-11542953,0,0,0,14000,0,14000,65000,4000,0,4000,389000,328000,61000,-11463953
20181120,7091684,23786711,-16695027,0,0,0,20000,100000,-80000,763000,337000,40000,297000,1037000,571000,466000,-16012027
20181121,13556198,23940460,-10384262,0,0,0,49000,156816,-107816,179000,39000,91000,-52000,839000,608000,231000,-10313078
20181122,10327806,20157560,-9829754,0,0,0,0,0,0,-478000,1000,78000,-77000,310000,711000,-401000,-10307754
20181123,12021600,8945059,3076541,0,0,0,45000,0,45000,-537000,0,213000,-213000,255000,579000,-324000,2584541
20181126,10454092,12466200,-2012108,0,0,0,0,0,0,578000,418000,144000,274000,518000,214000,304000,-1434108
20181127,12048967,13866957,-1817990,0,0,0,0,0,0,-327000,0,195000,-195000,157000,289000,-132000,-2144990
20181128,25056951,16977875,8079076,0,0,0,451000,110000,341000,5103751,2895000,0,2895000,2437751,229000,2208751,13523827
20181129,12602317,21338127,-8735810,0,0,0,2667000,0,2667000,-655000,93000,161000,-68000,664000,1251000,-587000,-6723810
20181130,63087320,58584122,4503198,0,0,0,1276000,0,1276000,137000,582000,1066000,-484000,854000,233000,621000,5916198
20181203,18979000,17808380,1170620,0,0,0,1216000,0,1216000,-10000,54000,212000,-158000,825000,677000,148000,2376620
20181204,14619148,13000827,1618321,0,0,0,7000,0,7000,-452000,2000,92000,-90000,142000,504000,-362000,1173321
20181205,6271603,13731281,-7459678,0,0,0,0,0,0,-1066000,15000,584000,-569000,60000,557000,-497000,-8525678
20181206,20474710,54487968,-34013258,0,0,0,26000,876000,-850000,-4012000,62000,3157000,-3095000,290000,1207000,-917000,-38875258
20181207,5800056,22270987,-16470931,0,0,0,26000,528000,-502000,924000,195000,70000,125000,934000,135000,799000,-16048931
20181210,7114400,18521467,-11407067,0,0,0,11000,391000,-380000,-162000,1000,28000,-27000,293000,428000,-135000,-11949067
20181211,8177290,16474780,-8297490,0,0,0,170000,0,170000,730000,30000,33000,-3000,1127000,394000,733000,-7397490
20181212,25378932,15354095,10024837,0,0,0,167000,74600,92400,832000,870000,263000,607000,760000,535000,225000,10949237
20181213,25876920,10776808,15100112,0,0,0,1015000,14000,1001000,204000,23000,270000,-247000,933000,482000,451000,16305112
20181214,12528244,16200541,-3672297,0,0,0,153000,213671,-60671,-2113000,0,732000,-732000,91000,1472000,-1381000,-5845968
20181217,9124000,9703227,-579227,0,0,0,51000,20000,31000,683000,199000,61000,138000,644000,99000,545000,134773
20181218,7800233,14789101,-6988868,0,0,0,32000,0,32000,-788000,2000,130000,-128000,287000,947000,-660000,-7744868
20181219,8654520,6910669,1743851,0,0,0,188000,0,188000,144000,20000,3000,17000,429000,302000,127000,2075851
20181220,8443279,14018962,-5575683,0,0,0,10000,0,10000,-701000,0,77000,-77000,174000,798000,-624000,-6266683
20181221,18911000,25633494,-6722494,0,0,0,761000,163000,598000,-503000,1000,7000,-6000,83000,580000,-497000,-6627494
20181222,1130000,1415000,-285000,0,0,0,6000,90000,-84000,-222000,9000,115000,-106000,68000,184000,-116000,-591000
20181224,4149000,4382800,-233800,0,0,0,0,0,0,-137000,20000,116000,-96000,143000,184000,-41000,-370800
20181225,2479001,4268408,-1789407,0,0,0,63077,0,63077,-587000,20000,661000,-641000,315000,261000,54000,-2313330
20181226,2037000,3540000,-1503000,0,0,0,0,20000,-20000,-674000,18000,500000,-482000,35000,227000,-192000,-2197000
20181227,10216780,7259789,2956991,0,0,0,11000,0,11000,1530000,788000,6000,782000,835000,87000,748000,4497991
20181228,10704746,10057856,646890,0,0,0,0,0,0,101000,100000,44000,56000,254000,209000,45000,747890
20190102,4817450,9554000,-4736550,0,0,0,26000,0,26000,-1394000,38000,1132000,-1094000,117000,417000,-300000,-6104550
20190103,11825670,21822866,-9997196,0,0,0,0,600000,-600000,181000,12000,28000,-16000,532000,335000,197000,-10416196
20190104,12041100,18538566,-6497466,0,0,0,33000,1606805,-1573805,438000,51000,0,51000,839000,452000,387000,-7633271
20190107,14195748,10605400,3590348,0,0,0,0,355000,-355000,1344000,311000,140000,171000,1369000,196000,1173000,4579348
20190108,9925835,8797542,1128293,0,0,0,0,0,0,-224000,0,122000,-122000,208000,310000,-102000,904293
20190109,23409022,12069314,11339708,0,0,0,0,0,0,1578000,1137000,258000,879000,894000,195000,699000,12917708
20190110,11185000,14186720,-3001720,0,0,0,0,0,0,-640000,10000,26000,-16000,56000,680000,-624000,-3641720
20190111,13975968,15366750,-1390782,0,0,0,75000,0,75000,-478000,0,492000,-492000,421000,407000,14000,-1793782
20190114,6595631,10268452,-3672821,0,0,0,0,0,0,-269000,0,52000,-52000,197000,414000,-217000,-3941821
20190115,24281433,11830000,12451433,0,0,0,340000,0,340000,-283000,25000,619000,-594000,721000,410000,311000,12508433
20190116,8030700,9202700,-1172000,0,0,0,0,419000,-419000,-494000,1000,40000,-39000,124000,579000,-455000,-2085000
20190117,9944290,6334600,3609690,0,0,0,20000,130000,-110000,-970000,7000,211000,-204000,36000,802000,-766000,2529690
20190118,9410951,6109478,3301473,0,0,0,30000,0,30000,-7000,0,0,0,199000,206000,-7000,3324473
20190121,8306649,3335200,4971449,0,0,0,0,803000,-803000,-75800,178000,0,178000,30000,283800,-253800,4092649
20190122,5454000,5727196,-273196,0,0,0,42000,4000,38000,-182000,12000,1000,11000,72000,265000,-193000,-417196
20190123,5149730,9317100,-4167370,0,0,0,245000,42000,203000,-80000,116000,150000,-34000,90000,136000,-46000,-4044370
20190124,15124003,15302872,-178869,0,0,0,97000,0,97000,137000,0,0,0,231000,94000,137000,55131
20190125,31148218,27539078,3609140,0,0,0,95000,25000,70000,533000,26000,14000,12000,630000,109000,521000,4212140
20190128,20472984,18291199,2181785,0,0,0,60000,173000,-113000,-220000,109000,8000,101000,63000,384000,-321000,1848785
20190129,16036950,21492147,-5455197,0,0,0,80000,0,80000,173000,7000,18000,-11000,201000,17000,184000,-5202197
20190130,25083888,26231086,-1147198,0,0,0,1000,0,1000,131000,89000,10000,79000,116000,64000,52000,-1015198
20190211,25456807,23305570,2151237,0,0,0,13000,0,13000,-299000,61000,97000,-36000,61000,324000,-263000,1865237
20190212,25341761,7128044,18213717,0,0,0,0,10000,-10000,1187000,4000,30000,-26000,1253000,40000,1213000,19390717
20190213,16114195,15723822,390373,0,0,0,7000,0,7000,-632000,99000,111000,-12000,503000,1123000,-620000,-234627
20190214,4274178,9971488,-5697310,0,0,0,0,0,0,-70000,0,2000,-2000,199000,267000,-68000,-5767310
20190215,6785813,18724587,-11938774,0,0,0,46000,168000,-122000,-335000,8000,197000,-189000,177000,323000,-146000,-12395774
20190218,7533254,12729800,-5196546,0,0,0,7000,0,7000,1456000,19000,0,19000,1511000,74000,1437000,-3733546
20190219,38284019,39827925,-1543906,0,0,0,0,145800,-145800,229000,900000,46000,854000,300000,925000,-625000,-1460706
20190220,26530653,20129536,6401117,0,0,0,163000,27000,136000,2461000,1862000,29000,1833000,1089000,461000,628000,8998117
20190221,16243200,10451406,5791794,0,0,0,0,0,0,-628000,246000,27000,219000,232000,1079000,-847000,5163794
20190222,12561165,16329789,-3768624,0,0,0,0,0,0,34000,255000,71000,184000,181000,331000,-150000,-3734624
20190225,10686700,9584480,1102220,0,0,0,0,0,0,-559800,107000,567800,-460800,139000,238000,-99000,542420
20190226,12636000,12238947,397053,0,0,0,8000,93000,-85000,-761000,80000,754000,-674000,63000,150000,-87000,-448947
20190227,15464313,19363165,-3898852,0,0,0,0,5000,-5000,48000,37000,160000,-123000,263000,92000,171000,-3855852
20190304,15658253,26737972,-11079719,0,0,0,0,100000,-100000,-458000,82000,723000,-641000,464000,281000,183000,-11637719
20190305,3545408,10802398,-7256990,0,0,0,10000,0,10000,-50000,16000,192000,-176000,302000,176000,126000,-7296990
20190306,5862000,4641480,1220520,0,0,0,0,0,0,-185000,290000,483000,-193000,55000,47000,8000,1035520
20190307,6983000,13449710,-6466710,0,0,0,0,0,0,-524000,0,148000,-148000,61000,437000,-376000,-6990710
20190308,6751060,19032760,-12281700,0,0,0,0,0,0,-899000,0,455000,-455000,89000,533000,-444000,-13180700
20190311,5788627,11219243,-5430616,0,0,0,0,0,0,73000,15000,39000,-24000,164000,67000,97000,-5357616
20190312,8853100,6417392,2435708,0,0,0,0,0,0,349000,114000,0,114000,258000,23000,235000,2784708
20190313,5092200,11112145,-6019945,0,0,0,0,0,0,3000,3000,0,3000,127000,127000,0,-6016945
20190314,8476698,9265600,-788902,0,0,0,0,5000,-5000,-11000,0,23000,-23000,73000,61000,12000,-804902
20190315,28776082,29056135,-280053,0,0,0,0,3858400,-3858400,371000,188000,0,188000,245000,62000,183000,-3767453
20190318,7272789,4388200,2884589,0,0,0,0,0,0,2168000,86000,6000,80000,2218000,130000,2088000,5052589
20190319,8215044,5147832,3067212,0,0,0,0,0,0,-980000,0,0,0,152000,1132000,-980000,2087212
20190320,8260600,6369742,1890858,0,0,0,0,0,0,-37000,73000,0,73000,211000,321000,-110000,1853858
20190321,9499858,3083036,6416822,0,0,0,0,0,0,800000,506000,0,506000,444000,150000,294000,7216822
20190322,6809056,4317683,2491373,0,0,0,47000,6000,41000,-227000,100000,14000,86000,76000,389000,-313000,2305373
20190325,4685000,13873571,-9188571,0,0,0,0,7000,-7000,-1022000,90000,475000,-385000,141000,778000,-637000,-10217571
20190326,3464348,2528000,936348,0,0,0,0,12000,-12000,57000,0,0,0,116000,59000,57000,981348
20190327,6405910,5758707,647203,0,0,0,0,7000,-7000,-1000,110000,179000,-69000,103000,35000,68000,639203
20190328,4785000,3845465,939535,0,0,0,0,72000,-72000,-191000,22000,200000,-178000,41000,54000,-13000,676535
20190329,14025218,12694148,1331070,0,0,0,60000,0,60000,2727000,754000,474000,280000,2564000,117000,2447000,4118070
20190401,64395741,20650809,43744932,0,0,0,7837000,1152,7835848,7008000,6906000,2782000,4124000,3692000,808000,2884000,58588780
20190402,36836535,16383982,20452553,0,0,0,2843000,16000,2827000,-2184000,511000,2289000,-1778000,1663000,2069000,-406000,21095553
20190403,13532334,11087004,2445330,0,0,0,49000,22000,27000,-530000,340000,569000,-229000,657000,958000,-301000,1942330
20190408,26524000,17153015,9370985,0,0,0,271000,0,271000,-422000,34000,380000,-346000,395000,471000,-76000,9219985
20190409,20179006,11821306,8357700,0,0,0,41000,40000,1000,325000,91000,0,91000,561000,327000,234000,8683700
20190410,19468706,10329593,9139113,0,0,0,0,35000,-35000,1368000,1467000,425000,1042000,753000,427000,326000,10472113
20190411,19128000,15023634,4104366,0,0,0,1046000,20000,1026000,1127000,147000,318000,-171000,2197000,899000,1298000,6257366
20190412,33246250,11395671,21850579,0,0,0,1551000,7000,1544000,-66000,18000,36000,-18000,966000,1014000,-48000,23328579
20190415,32317377,22613000,9704377,0,0,0,2444000,31000,2413000,2013000,440000,122000,318000,2241000,546000,1695000,14130377
20190416,40277043,32859140,7417903,0,0,0,636000,3000,633000,-1025000,418000,734000,-316000,1338000,2047000,-709000,7025903
20190417,27640446,11036497,16603949,0,0,0,1700000,4000,1696000,2585000,914000,526000,388000,3173000,976000,2197000,20884949
20190418,60732483,41903147,18829336,0,0,0,2525000,275000,2250000,-675000,717000,1124000,-407000,3183000,3451000,-268000,20404336
20190419,20297968,16693439,3604529,0,0,0,171000,281000,-110000,329000,296000,326000,-30000,1196000,837000,359000,3823529
20190422,4851100,8328000,-3476900,0,0,0,187216,30000,157216,2648000,509000,40000,469000,2300000,121000,2179000,-671684
20190423,19744400,17155495,2588905,0,0,0,94000,4209652,-4115652,2171000,528000,332000,196000,2973000,998000,1975000,644253
20190424,26841765,26644083,197682,0,0,0,59000,368000,-309000,-1333000,30000,391000,-361000,455000,1427000,-972000,-1444318
20190425,13469000,15376517,-1907517,0,0,0,40000,105000,-65000,1390000,101000,40000,61000,1757000,428000,1329000,-582517
20190426,17509297,10654767,6854530,0,0,0,13000,450000,-437000,-1627000,200000,1130000,-930000,418000,1115000,-697000,4790530
20190429,15384655,12746335,2638320,0,0,0,215000,11000,204000,-382000,30000,356000,-326000,449000,505000,-56000,2460320
20190430,19460254,18387094,1073160,0,0,0,0,197000,-197000,243000,158000,27000,131000,756000,644000,112000,1119160
20190502,21977489,22615433,-637944,0,0,0,15000,813000,-798000,57000,63000,428000,-365000,753000,331000,422000,-1378944
20190503,17659854,18021946,-362092,0,0,0,0,896000,-896000,2352000,1112000,17000,1095000,1511000,254000,1257000,1093908
20190506,11725727,15248282,-3522555,0,0,0,26000,1340000,-1314000,-2508000,14000,802000,-788000,492000,2212000,-1720000,-7344555
20190507,20447361,9249407,11197954,0,0,0,20000,0,20000,151000,110000,931000,-821000,1600000,628000,972000,11368954
20190508,9266716,13005013,-3738297,0,0,0,0,0,0,150000,446000,54000,392000,381000,623000,-242000,-3588297
20190509,17022150,17838387,-816237,0,0,0,13000,576000,-563000,-965000,64000,198000,-134000,459000,1290000,-831000,-2344237
20190510,9141827,9576861,-435034,0,0,0,5000,288000,-283000,144000,170000,136000,34000,849000,739000,110000,-574034
20190513,12067298,10373195,1694103,0,0,0,17000,1707000,-1690000,-143000,396000,18000,378000,501000,1022000,-521000,-138897
20190514,19401700,33222932,-13821232,0,0,0,8000,1146000,-1138000,3703000,1924000,163000,1761000,2344000,402000,1942000,-11256232
20190515,20530700,38100271,-17569571,0,0,0,7000,1122000,-1115000,-3551000,217000,1754000,-1537000,143000,2157000,-2014000,-22235571
20190516,26955344,35319390,-8364046,0,0,0,17000,1029000,-1012000,-2101000,160000,485000,-325000,381000,2157000,-1776000,-11477046
20190517,15314750,27004543,-11689793,0,0,0,12000,111000,-99000,156000,135000,123000,12000,832000,688000,144000,-11632793
20190520,11104200,15524743,-4420543,0,0,0,17000,260000,-243000,2532000,1183000,82000,1101000,1516000,85000,1431000,-2131543
20190521,14576620,23631677,-9055057,0,0,0,0,50000,-50000,1835000,559000,28000,531000,1772000,468000,1304000,-7270057
20190522,8172302,18334796,-10162494,0,0,0,33000,186000,-153000,-96000,517000,42000,475000,359000,930000,-571000,-10411494
20190523,15584981,35668560,-20083579,0,0,0,35000,150000,-115000,-55993,190000,160000,30000,961000,1046993,-85993,-20254572
20190524,11152709,28595792,-17443083,0,0,0,6000,0,6000,29000,45000,224000,-179000,985000,777000,208000,-17408083
20190527,9116140,16781600,-7665460,0,0,0,0,0,0,36000,19000,39000,-20000,238000,182000,56000,-7629460
20190528,109352078,131402282,-22050204,0,0,0,6000,34000,-28000,378000,120000,64000,56000,465000,143000,322000,-21700204
20190529,13105591,22924662,-9819071,0,0,0,16000,160000,-144000,1794000,453000,284000,169000,1823000,198000,1625000,-8169071
20190530,15752491,21637784,-5885293,0,0,0,0,0,0,162000,144000,359000,-215000,1160000,783000,377000,-5723293
20190531,16239997,28587438,-12347441,0,0,0,884000,15000,869000,705000,237000,241000,-4000,1276000,567000,709000,-10773441
20190603,15060000,9465268,5594732,0,0,0,10000,0,10000,-268000,386000,121000,265000,543000,1076000,-533000,5336732
20190604,11363200,23422837,-12059637,0,0,0,13000,196000,-183000,-688000,240000,265000,-25000,294000,957000,-663000,-12930637
20190605,12464000,35020276,-22556276,0,0,0,232000,118000,114000,-388000,67000,126000,-59000,483000,812000,-329000,-22830276
20190606,11690600,26676200,-14985600,0,0,0,0,296000,-296000,905000,0,1000,-1000,1087000,181000,906000,-14376600
20190610,13886900,20966089,-7079189,0,0,0,27000,0,27000,1666000,135000,45000,90000,1987000,411000,1576000,-5386189
20190611,12920990,12262929,658061,0,0,0,55000,0,55000,201267,114000,94000,20000,898000,716733,181267,914328
20190612,9865015,17337003,-7471988,0,0,0,154320,214000,-59680,931000,118000,100000,18000,2200000,1287000,913000,-6600668
20190613,18065520,16432429,1633091,0,0,0,86950,0,86950,684000,459000,164000,295000,1132000,743000,389000,2404041
20190614,13418292,6943954,6474338,0,0,0,150000,0,150000,1647000,286000,16000,270000,1898000,521000,1377000,8271338
20190617,12087031,7426166,4660865,0,0,0,820382,114000,706382,40000,55000,71000,-16000,1094000,1038000,56000,5407247
20190618,10999000,12165634,-1166634,0,0,0,1006000,0,1006000,-397000,416000,115000,301000,422000,1120000,-698000,-557634
20190619,20690688,21665200,-974512,0,0,0,349000,0,349000,5552000,2664000,110000,2554000,3462000,464000,2998000,4926488
20190620,10017762,6324424,3693338,0,0,0,1763000,42000,1721000,2715000,1080000,54000,1026000,1959000,270000,1689000,8129338
20190621,30284200,20845143,9439057,0,0,0,66000,103000,-37000,-941000,670000,180000,490000,1041000,2472000,-1431000,8461057
20190624,12193000,6100200,6092800,0,0,0,27452,0,27452,217000,364000,102000,262000,695000,740000,-45000,6337252
20190625,11456993,5371756,6085237,0,0,0,0,0,0,689000,592000,0,592000,481000,384000,97000,6774237
20190626,9294653,11185812,-1891159,0,0,0,75000,0,75000,495000,418000,0,418000,363000,286000,77000,-1321159
20190627,21884418,11340000,10544418,0,0,0,32000,115000,-83000,665000,273000,161000,112000,840000,287000,553000,11126418
20190628,10187760,10919397,-731637,0,0,0,0,2000,-2000,-171000,30000,33000,-3000,317000,485000,-168000,-904637
20190701,6351882,6768568,-416686,0,0,0,204000,133000,71000,763000,612000,93000,519000,962000,718000,244000,417314
20190702,4747320,8932858,-4185538,0,0,0,2000,570000,-568000,29000,377000,68000,309000,344000,624000,-280000,-4724538
20190703,5456539,15320394,-9863855,0,0,0,100000,208000,-108000,123000,1115000,482000,633000,167000,677000,-510000,-9848855
20190704,3766000,3274348,491652,0,0,0,1000,111000,-110000,303000,448000,197000,251000,189000,137000,52000,684652
20190705,3285030,2024264,1260766,0,0,0,138000,62000,76000,-37000,93000,91000,2000,91000,130000,-39000,1299766
20190708,6126928,4677149,1449779,0,0,0,135000,268000,-133000,-399000,410000,760000,-350000,21000,70000,-49000,917779
20190709,4280908,10295400,-6014492,0,0,0,40000,269880,-229880,-266000,268000,170000,98000,142000,506000,-364000,-6510372
20190710,7456869,6073800,1383069,0,0,0,106000,0,106000,631000,1102000,253000,849000,211000,429000,-218000,2120069
20190711,4050000,6129100,-2079100,0,0,0,63000,1141000,-1078000,2352000,396000,337000,59000,2430000,137000,2293000,-805100
20190712,5868500,7977225,-2108725,0,0,0,0,913000,-913000,-1699000,13000,425000,-412000,29000,1316000,-1287000,-4720725
20190715,15878395,9774199,6104196,0,0,0,0,1233000,-1233000,-541000,222000,698000,-476000,652000,717000,-65000,4330196
20190716,20998674,4467688,16530986,0,0,0,223000,2070200,-1847200,3533000,1556000,429000,1127000,2658000,252000,2406000,18216786
20190717,7222020,13300871,-6078851,0,0,0,0,15000,-15000,-556000,572000,638000,-66000,418000,908000,-490000,-6649851
20190718,4062405,10660800,-6598395,0,0,0,17344,0,17344,264000,40000,42000,-2000,735000,469000,266000,-6317051
20190719,6567152,12459167,-5892015,0,0,0,2000,3000,-1000,1358000,972000,207000,765000,715000,122000,593000,-4535015
20190722,11394254,10185630,1208624,0,0,0,15000,0,15000,3951000,729000,214000,515000,3840000,404000,3436000,5174624
20190723,7010256,12432900,-5422644,0,0,0,61000,0,61000,4283000,2528000,714000,1814000,2911000,442000,2469000,-1078644
20190724,7335188,10394093,-3058905,0,0,0,1031000,0,1031000,14639000,6629000,1708000,4921000,9764000,46000,9718000,12611095
20190725,10034030,14842561,-4808531,0,0,0,0,6000,-6000,-13880000,29000,3308000,-3279000,506000,11107000,-10601000,-18694531
20190726,8049600,8862875,-813275,0,0,0,3000,0,3000,-2400000,110000,247000,-137000,48000,2311000,-2263000,-3210275
20190729,8679000,8223928,455072,0,0,0,0,8000,-8000,-1360000,202000,530000,-328000,78000,1110000,-1032000,-912928
20190730,12932000,8294305,4637695,0,0,0,84000,11000,73000,-2365000,235000,1042000,-807000,3000,1561000,-1558000,2345695
20190731,14572114,11667342,2904772,0,0,0,6000,0,6000,-1577000,55000,1618000,-1563000,386000,400000,-14000,1333772
20190801,10418000,22409183,-11991183,0,0,0,0,0,0,-588000,210000,0,210000,113000,911000,-798000,-12579183
20190802,8955700,25153910,-16198210,0,0,0,0,0,0,-3115000,221000,781000,-560000,191000,2746000,-2555000,-19313210
20190805,9452030,21443880,-11991850,0,0,0,18000,13000,5000,-4270000,74000,1125000,-1051000,249000,3468000,-3219000,-16256850
20190806,10901000,18010825,-7109825,0,0,0,18000,0,18000,-1561000,100000,1421000,-1321000,799000,1039000,-240000,-8652825
20190807,7598000,14491540,-6893540,0,0,0,2000,6000,-4000,-1487000,70000,973000,-903000,33000,617000,-584000,-8384540
20190808,5270213,8819453,-3549240,0,0,0,126584,8000,118584,107000,32000,132000,-100000,299000,92000,207000,-3323656
20190812,6238272,9201523,-2963251,0,0,0,6000,0,6000,-615000,54000,382000,-328000,78000,365000,-287000,-3572251
20190813,4231800,11041242,-6809442,0,0,0,0,76332,-76332,-1100000,148000,592000,-444000,17000,673000,-656000,-7985774
20190814,8053600,17887984,-9834384,0,0,0,251000,0,251000,-2673000,1660000,3211000,-1551000,94000,1216000,-1122000,-12256384
20190815,3635000,18648200,-15013200,0,0,0,15000,18000,-3000,-388000,264000,272000,-8000,202000,582000,-380000,-15404200
20190816,4799620,20044580,-15244960,0,0,0,30000,720000,-690000,240000,386000,872000,-486000,1231000,505000,726000,-15694960
20190819,6182000,9538981,-3356981,0,0,0,2000,194000,-192000,-1535000,228000,864000,-636000,108000,1007000,-899000,-5083981
20190820,7512158,12638686,-5126528,0,0,0,6000,5000,1000,-761000,110000,402000,-292000,81000,550000,-469000,-5886528
20190821,14786000,9104518,5681482,0,0,0,19000,24000,-5000,-2172754,138000,965000,-827000,267246,1613000,-1345754,3503728
20190822,6094530,11166600,-5072070,0,0,0,1063000,100000,963000,475000,1556000,417000,1139000,143000,807000,-664000,-3634070
20190823,2878000,10840084,-7962084,0,0,0,54000,0,54000,-193000,73000,0,73000,160000,426000,-266000,-8101084
20190826,3777663,13839169,-10061506,0,0,0,175000,59000,116000,-180999,95000,351000,-256000,616000,540999,75001,-10126505
20190827,24571032,28367506,-3796474,0,0,0,359000,13000,346000,-1592000,60000,1440000,-1380000,26000,238000,-212000,-5042474
20190828,4959000,5456286,-497286,0,0,0,167000,70000,97000,-126000,28000,112000,-84000,101000,143000,-42000,-526286
20190829,5884020,11422817,-5538797,0,0,0,57000,2000,55000,299000,20000,0,20000,333000,54000,279000,-5184797
20190830,23693480,6645450,17048030,0,0,0,0,0,0,1596000,162000,247000,-85000,1806000,125000,1681000,18644030
20190902,8455837,3950599,4505238,0,0,0,86000,0,86000,-950000,165000,236000,-71000,105000,984000,-879000,3641238
20190903,7399454,6118060,1281394,0,0,0,61000,0,61000,-625000,105000,410000,-305000,27000,347000,-320000,717394
20190904,18369390,18156435,212955,0,0,0,230000,0,230000,2070000,1265000,97000,1168000,966000,64000,902000,2512955
20190905,11227490,7810997,3416493,0,0,0,588000,13000,575000,804000,255000,515000,-260000,1272000,208000,1064000,4795493
20190906,10033000,7304977,2728023,0,0,0,136000,0,136000,256000,1043000,540000,503000,501000,748000,-247000,3120023
20190909,7460000,4326544,3133456,0,0,0,180000,1031000,-851000,-496000,130000,48000,82000,173000,751000,-578000,1786456
20190910,10936000,7831904,3104096,0,0,0,16000,52000,-36000,223000,75000,140000,-65000,607000,319000,288000,3291096
20190911,15520703,13792864,1727839,0,0,0,41000,6000,35000,1191000,225000,919000,-694000,2114000,229000,1885000,2953839
20190912,16843000,12404379,4438621,0,0,0,173000,1000,172000,5234000,530000,407000,123000,5775000,664000,5111000,9844621
20190916,19631555,17047943,2583612,0,0,0,0,6505,-6505,-1882000,107000,569000,-462000,321000,1741000,-1420000,695107
20190917,10294904,15200328,-4905424,0,0,0,27000,0,27000,-1600000,412000,811000,-399000,919000,2120000,-1201000,-6478424
20190918,13717311,16010038,-2292727,0,0,0,73000,0,73000,-3023000,137000,2835000,-2698000,222000,547000,-325000,-5242727
20190919,6783277,18340422,-11557145,0,0,0,293000,0,293000,-1114000,369000,215000,154000,290000,1558000,-1268000,-12378145
20190920,24440534,20596279,3844255,0,0,0,724000,152000,572000,-125000,75000,170000,-95000,452000,482000,-30000,4291255
20190923,5658800,2844000,2814800,0,0,0,6000,0,6000,-154900,109000,52000,57000,48100,260000,-211900,2665900
20190924,10786000,5411562,5374438,0,0,0,16000,108000,-92000,-53640,155000,145640,9360,316000,379000,-63000,5228798
20190925,10185401,8196100,1989301,0,0,0,620000,0,620000,-667000,95000,589000,-494000,166000,339000,-173000,1942301
20190926,9023304,12713068,-3689764,0,0,0,362000,0,362000,-445000,62000,302000,-240000,242000,447000,-205000,-3772764
20190927,7675600,10117517,-2441917,0,0,0,24000,0,24000,-1276000,98000,472000,-374000,162000,1064000,-902000,-3693917
20191001,15512000,18973611,-3461611,0,0,0,8000,8000,0,-672000,52000,250000,-198000,208000,682000,-474000,-4133611
20191002,7856503,12390517,-4534014,0,0,0,61000,0,61000,53000,62000,61000,1000,272000,220000,52000,-4420014
20191003,5233000,15313636,-10080636,0,0,0,1300,0,1300,180000,72000,75000,-3000,587000,404000,183000,-9899336
20191004,5761000,5334388,426612,0,0,0,0,30000,-30000,-63000,20000,83000,-63000,227000,227000,0,333612
20191007,7066000,5335000,1731000,0,0,0,24000,0,24000,-448000,70000,340000,-270000,456000,634000,-178000,1307000
20191008,20146925,8684761,11462164,0,0,0,9000,15130,-6130,-598000,12000,37000,-25000,277000,850000,-573000,10858034
20191009,8550566,9423580,-873014,0,0,0,776,65000,-64224,-1171000,143000,1262000,-1119000,168000,220000,-52000,-2108238
