20120502,38841300,32897643,5943657,284000,272000,12000,731000,1774000,1043000,6686657
20120503,19686790,12947290,6739500,430000,491105,-61105,-164000,456000,620000,6514395
20120504,22497836,34115841,-11618005,116000,272000,-156000,685000,893000,208000,-11089005
20120507,17362889,40872998,-23510109,616000,0,616000,1019000,1301000,282000,-21875109
20120508,14859000,39342370,-24483370,675000,272000,403000,1345846,2025000,679154,-22734524
20120509,20271000,34700290,-14429290,1275000,27000,1248000,1043564,1239000,195436,-12137726
20120510,20819000,19733581,1085419,1458000,425000,1033000,-683000,841000,1524000,1435419
20120511,16150090,25241120,-9091030,1141000,200000,941000,1453000,1787000,334000,-6697030
20120514,10816000,10808000,8000,494000,0,494000,590000,953000,363000,1092000
20120515,21732813,23841498,-2108685,791000,45000,746000,2158000,3088000,930000,795315
20120516,28142815,57587794,-29444979,367000,2349000,-1982000,7107000,7366000,259000,-24319979
20120517,25934694,18105636,7829058,128000,550000,-422000,-808000,72000,880000,6599058
20120518,18633796,50324544,-31690748,606000,438000,168000,2245000,2478000,233000,-29277748
20120521,13565000,22759529,-9194529,101000,620000,-519000,1692000,1850000,158000,-8021529
20120522,15034727,29618260,-14583533,40000,926000,-886000,-63000,203000,266000,-15532533
20120523,12753613,47889351,-35135738,128000,4350000,-4222000,679000,2116000,1437000,-38678738
20120524,15895598,21924688,-6029090,247000,2363000,-2116000,2473695,3010000,536305,-5671395
20120525,11674000,21120105,-9446105,677000,9000,668000,354000,717000,363000,-8424105
20120528,18200462,18013083,187379,962000,2000,960000,-2087000,757000,2844000,-939621
20120529,23194000,24501441,-1307441,577000,2846000,-2269000,14000,662000,648000,-3562441
20120530,51764600,60367192,-8602592,188000,4065846,-3877846,-810000,1022000,1832000,-13290438
20120531,65960401,59944388,6016013,570000,2535000,-1965000,-128000,833000,961000,3923013
20120601,24691100,50185629,-25494529,69000,1279000,-1210000,1158000,1726000,568000,-25546529
20120604,29137000,44988734,-15851734,453000,2052000,-1599000,3200088,4261088,1061000,-14250646
20120605,19402000,24997614,-5595614,589000,2115000,-1526000,254000,637000,383000,-6867614
20120606,13563191,27814717,-14251526,26000,2168000,-2142000,425000,558000,133000,-15968526
20120607,41424993,27237600,14187393,0,4125000,-4125000,-371000,345000,716000,9691393
20120608,15097226,30998085,-15900859,550000,329000,221000,206000,557000,351000,-15473859
20120611,32928000,23232000,9696000,201000,2156000,-1955000,-430000,363000,793000,7311000
20120612,28325000,32588000,-4263000,607000,1650000,-1043000,-708000,242000,950000,-6014000
20120613,25166000,25010920,155080,298000,0,298000,-521000,156000,677000,-67920
20120614,20676000,27433231,-6757231,213000,30000,183000,644000,808000,164000,-5930231
20120615,69288000,84566630,-15278630,40000,2652000,-2612000,1139000,1266000,127000,-16751630
20120618,22508800,10244751,12264049,0,699000,-699000,-281000,443000,724000,11284049
20120619,20428668,22888675,-2460007,450000,231000,219000,805000,836000,31000,-1436007
20120620,29709403,20402513,9306890,1145000,1313000,-168000,152000,574000,422000,9290890
20120621,16267658,23381979,-7114321,108000,261000,-153000,299000,995000,696000,-6968321
20120622,22074933,24595000,-2520067,326000,94000,232000,811000,1433000,622000,-1477067
20120625,17282000,34225373,-16943373,0,581000,-581000,399000,1035000,636000,-17125373
20120626,12537000,32346638,-19809638,913,170000,-169087,3121000,3678000,557000,-16857725
20120627,20717768,26628480,-5910712,1248000,0,1248000,1339000,1940000,601000,-3323712
20120628,25657469,20778014,4879455,345000,401000,-56000,1125000,1572000,447000,5948455
20120629,36640000,33185956,3454044,25000,252000,-227000,3762000,4382000,620000,6989044
20120702,27807140,30091381,-2284241,4688000,693000,3995000,399000,2483000,2084000,2109759
20120703,30878718,12591342,18287376,794000,80000,714000,3405000,5012000,1607000,22406376
20120704,11639565,10906860,732705,100000,65000,35000,-8253000,164000,8417000,-7485295
20120705,17819000,6102988,11716012,70000,529000,-459000,-2221000,349000,2570000,9036012
20120706,30118000,20072441,10045559,166000,823000,-657000,287000,555000,268000,9675559
20120709,30437900,40975300,-10537400,49000,568000,-519000,128000,272000,144000,-10928400
20120710,15747000,30222995,-14475995,10000,80000,-70000,993000,1260000,267000,-13552995
20120711,23597000,51978192,-28381192,159000,824000,-665000,830000,1318000,488000,-28216192
20120712,18411187,56612062,-38200875,0,2006000,-2006000,1961000,2355000,394000,-38245875
20120713,21691383,40637285,-18945902,19000,468904,-449904,1704000,2414000,710000,-17691806
20120716,23220095,37215930,-13995835,360000,28000,332000,15790,239000,223210,-13648045
20120717,19939600,44084977,-24145377,164000,266000,-102000,1720000,1982000,262000,-22527377
20120718,13265149,28367452,-15102303,2282000,0,2282000,-2506000,837000,3343000,-15326303
20120719,47991000,23611060,24379940,193000,0,193000,-1524000,1034000,2558000,23048940
20120720,30668000,40770755,-10102755,370000,305000,65000,-735000,242000,977000,-10772755
20120723,15811000,45673750,-29862750,652000,1014000,-362000,474000,1558000,1084000,-29750750
20120724,20076274,33124761,-13048487,275000,166000,109000,2662000,2808000,146000,-10277487
20120725,48267620,63425733,-15158113,394000,0,394000,-97000,612000,709000,-14861113
20120726,39328000,23872771,15455229,1942000,0,1942000,-1024000,224000,1248000,16373229
20120727,61871340,20579445,41291895,1119000,22000,1097000,-1560000,321000,1881000,40828895
20120730,44709452,22593781,22115671,81000,1500000,-1419000,-1627000,85000,1712000,19069671
20120731,60000001,32959989,27040012,198000,90000,108000,-1065000,582000,1647000,26083012
20120801,29946000,36993589,-7047589,126000,792000,-666000,278000,546000,268000,-7435589
20120803,42079053,34858422,7220631,0,264000,-264000,-167000,334000,501000,6789631
20120806,50707000,32233896,18473104,166000,33000,133000,-247000,376000,623000,18359104
20120807,37329434,15841925,21487509,20000,738000,-718000,-538000,165000,703000,20231509
20120808,31002033,26101673,4900360,319000,260000,59000,-59000,309000,368000,4900360
20120809,45502360,13189863,32312497,811000,528000,283000,21000,862000,841000,32616497
20120810,22027100,16795000,5232100,327000,629000,-302000,1325000,1561000,236000,6255100
20120813,21136000,7907635,13228365,113000,225000,-112000,391000,827000,436000,13507365
20120814,28119092,9937342,18181750,0,367000,-367000,348000,986000,638000,18162750
20120815,23988173,16064000,7924173,426000,274000,152000,-497710,165000,662710,7578463
20120816,24697000,12981843,11715157,305000,1700000,-1395000,47000,447000,400000,10367157
20120817,23105000,24762608,-1657608,12000,800544,-788544,875000,1308000,433000,-1571152
20120820,22619000,14179253,8439747,0,2228000,-2228000,-67000,250000,317000,6144747
20120821,30867310,5134563,25732747,100000,257000,-157000,-692000,400000,1092000,24883747
20120822,18925407,28559200,-9633793,918000,647000,271000,570000,895000,325000,-8792793
20120823,19742872,15440491,4302381,690000,925000,-235000,-22000,135000,157000,4045381
20120824,18560000,21721641,-3161641,647000,40000,607000,-432000,573000,1005000,-2986641
20120827,22897000,9740809,13156191,16000,13000,3000,-1448000,533000,1981000,11711191
20120828,25689745,20982895,4706850,65000,10000,55000,-1182900,526100,1709000,3578950
20120829,16065000,11358337,4706663,359000,757000,-398000,28000,351000,323000,4336663
20120830,41486000,38338106,3147894,1270000,6000,1264000,-1951100,187000,2138100,2460794
20120831,10470500,7552902,2917598,1457000,118000,1339000,-421000,57000,478000,3835598
20120903,11175283,7943400,3231883,330000,21000,309000,11000,329000,318000,3551883
20120904,16366600,10988316,5378284,486000,221000,265000,-845000,703000,1548000,4798284
20120905,18480000,37317000,-18837000,13000,1526000,-1513000,800142,1624000,823858,-19549858
20120906,10637000,20595400,-9958400,418000,936000,-518000,124000,1182000,1058000,-10352400
20120907,35307500,6206514,29100986,55000,4000,51000,-1043000,561000,1604000,28108986
20120910,18505807,17482909,1022898,12000,107000,-95000,-324000,394000,718000,603898
20120911,23610200,8565703,15044497,25000,21000,4000,-1220000,101000,1321000,13828497
20120912,31336000,24517353,6818647,220000,9000,211000,-64000,274000,338000,6965647
20120913,27502000,11451571,16050429,21000,197000,-176000,-300000,215000,515000,15574429
20120914,35526170,10116356,25409814,1514000,22000,1492000,1467000,1647000,180000,28368814
20120917,21001000,12057519,8943481,19000,271000,-252000,-2310000,42000,2352000,6381481
20120918,26613000,22534433,4078567,0,810000,-810000,1201000,1357000,156000,4469567
20120919,30608500,24129150,6479350,163000,159000,4000,1072000,1374000,302000,7555350
20120920,21164230,14578910,6585320,870000,82000,788000,42000,323000,281000,7415320
20120921,42084000,25265046,16818954,436000,1095000,-659000,-285000,648000,933000,15874954
20120924,24673816,14721279,9952537,595000,407000,188000,-880000,938000,1818000,9260537
20120925,33140000,25320281,7819719,0,476000,-476000,-115000,173000,288000,7228719
20120926,33409200,20841000,12568200,352000,56000,296000,-561000,261000,822000,12303200
20120927,48331454,21636611,26694843,1406000,248000,1158000,-417000,714000,1131000,27435843
20120928,59270300,32082045,27188255,1302000,262000,1040000,-420000,484000,904000,27808255
20121001,32232601,24320667,7911934,172000,382000,-210000,-699000,50000,749000,7002934
20121002,31331200,24548380,6782820,218000,394000,-176000,-938000,214000,1152000,5668820
20121003,30978031,22728587,8249444,0,30000,-30000,-1810000,6000,1816000,6409444
20121004,31309000,14073074,17235926,0,70000,-70000,90000,951000,861000,17255926
20121005,36475266,23322837,13152429,40000,262000,-222000,-869000,234000,1103000,12061429
20121008,31055924,29879805,1176119,439000,15000,424000,-766000,1010000,1776000,834119
20121009,41891000,47079662,-5188662,645000,731000,-86000,1373000,1910000,537000,-3901662
20121011,43717791,67318108,-23600317,418000,344000,74000,4004000,4572000,568000,-19522317
20121012,18860000,13443600,5416400,590000,662000,-72000,-1169000,364000,1533000,4175400
20121015,14962007,12119526,2842481,238000,67000,171000,345000,1476000,1131000,3358481
20121016,22513000,21430469,1082531,335000,49000,286000,-619000,575000,1194000,749531
20121017,24685000,27729123,-3044123,588000,37000,551000,1278000,2092000,814000,-1215123
20121018,20102000,12251000,7851000,40000,709000,-669000,-453000,651000,1104000,6729000
20121019,18873000,18249961,623039,838000,519000,319000,-53000,615000,668000,889039
20121022,13856000,15408100,-1552100,783000,126000,657000,63000,588000,525000,-832100
20121023,12016778,12161533,-144755,178000,164000,14000,-455000,334000,789000,-585755
20121024,20564100,23744823,-3180723,0,801000,-801000,2018000,2175000,157000,-1963723
20121025,20376352,32862000,-12485648,335000,269000,66000,621000,1259000,638000,-11798648
20121026,48126000,28821448,19304552,2049000,800000,1249000,-1021000,996000,2017000,19532552
20121029,27565983,18367000,9198983,3536000,314447,3221553,-57000,1143000,1200000,12363536
20121030,18312463,17904362,408101,2325000,626000,1699000,323000,1298000,975000,2430101
20121031,21035000,16627504,4407496,595000,66000,529000,-9000,630000,639000,4927496
20121101,27879000,22328994,5550006,954000,80000,874000,711000,1376000,665000,7135006
20121102,33660120,21007000,12653120,990000,80000,910000,-1213000,318000,1531000,12350120
20121105,26607000,16131415,10475585,161000,18000,143000,-395000,758000,1153000,10223585
20121106,22033000,17386511,4646489,156000,916000,-760000,913000,1300000,387000,4799489
20121107,17225000,11402686,5822314,761000,147000,614000,11000,777000,766000,6447314
20121108,30380721,31851574,-1470853,2832000,108000,2724000,-484000,542000,1026000,769147
20121109,33300000,26328000,6972000,14000,25000,-11000,-2000,798000,800000,6959000
20121112,23444002,13775700,9668302,707000,19000,688000,-244000,378000,622000,10112302
20121113,25119000,35288549,-10169549,1936000,159000,1777000,10000,889000,879000,-8382549
20121114,23256527,23832077,-575550,637000,74000,563000,-807000,318000,1125000,-819550
20121115,15645000,15754890,-109890,806000,209000,597000,553000,1194000,641000,1040110
20121116,28726000,29245000,-519000,187000,0,187000,567000,1064000,497000,235000
20121119,19569221,18991825,577396,1044000,326000,718000,-5000,437000,442000,1290396
20121120,18072000,17884592,187408,168000,0,168000,-167000,208000,375000,188408
20121121,22807000,23465234,-658234,204000,30000,174000,1083000,1995000,912000,598766
20121122,12600000,9037731,3562269,6082000,34000,6048000,209000,1047000,838000,9819269
20121123,39728700,18772721,20955979,1762000,2298000,-536000,479000,1242000,763000,20898979
20121126,26496000,24979184,1516816,286000,135000,151000,-152000,628000,780000,1515816
20121127,31532200,30477661,1054539,5000,1010000,-1005000,-273000,490000,763000,-223461
20121128,45240800,55062116,-9821316,25000,221000,-196000,162000,667000,505000,-9855316
20121129,49147000,38489419,10657581,135000,166000,-31000,-424000,683000,1107000,10202581
20121130,58616650,51268871,7347779,425000,187256,237744,-354000,1425000,1779000,7231523
20121203,29226286,33878279,-4651993,300000,118000,182000,1322000,1922000,600000,-3147993
20121204,18404076,35004982,-16600906,60000,269000,-209000,2929000,3257000,328000,-13880906
20121205,34777440,40346475,-5569035,544000,685000,-141000,1859000,3216000,1357000,-3851035
20121206,26822089,23300068,3522021,0,116000,-116000,-1034000,746000,1780000,2372021
20121207,24087000,16003205,8083795,122000,145000,-23000,-1176000,379000,1555000,6884795
20121210,20344000,24700877,-4356877,98000,1017000,-919000,378000,853000,475000,-4897877
20121211,33307133,24306907,9000226,210000,82000,128000,-668000,750000,1418000,8460226
20121212,34600000,33434656,1165344,959000,603000,356000,810000,1053000,243000,2331344
20121213,31619111,27476668,4142443,433000,41000,392000,1105000,1473000,368000,5639443
20121214,25499654,22716295,2783359,230000,42000,188000,63000,527000,464000,3034359
20121217,30469260,39249565,-8780305,835000,551000,284000,391000,957000,566000,-8105305
20121218,23498000,29706837,-6208837,165000,89000,76000,1600000,1767000,167000,-4532837
20121219,22754849,18949406,3805443,542000,385000,157000,-714000,423000,1137000,3248443
20121220,21687000,23505921,-1818921,240000,583000,-343000,-357559,1244000,1601559,-2519480
20121221,19126000,25923927,-6797927,684000,534000,150000,599000,1205000,606000,-6048927
20121222,1171000,19000,1152000,714000,51000,663000,-386994,473000,859994,1428006
20121224,10772000,7091309,3680691,389000,321000,68000,93000,769000,676000,3841691
20121225,9226000,1700000,7526000,598000,57000,541000,48000,978000,930000,8115000
20121226,7248000,2387000,4861000,438000,213000,225000,123000,662000,539000,5209000
20121227,15609000,12214346,3394654,473000,310000,163000,29012,1784012,1755000,3586666
20121228,18198000,8819517,9378483,722000,928000,-206000,-1397000,828000,2225000,7775483
20130102,22484489,8625316,13859173,1746000,147000,1599000,-350000,1300000,1650000,15108173
20130103,32303100,17347912,14955188,926000,516000,410000,-1067000,1512000,2579000,14298188
20130104,33581806,24337195,9244611,234000,190000,44000,-246000,910000,1156000,9042611
20130107,26613000,26952300,-339300,203000,925000,-722000,-450000,871000,1321000,-1511300
20130108,16628200,15087374,1540826,209000,635000,-426000,-80000,749000,829000,1034826
20130109,16348023,10594316,5753707,130000,243000,-113000,649000,1033000,384000,6289707
20130110,30684000,27766853,2917147,151000,163000,-12000,796000,1045000,249000,3701147
20130111,18831186,10635515,8195671,102000,352000,-250000,-69000,262000,331000,7876671
20130114,19081000,10716350,8364650,120000,0,120000,-33000,475000,508000,8451650
20130115,26503958,27884661,-1380703,300000,499000,-199000,-253000,826000,1079000,-1832703
20130116,24600054,24029840,570214,39000,4272000,-4233000,837000,1181000,344000,-2825786
20130117,30502500,28912733,1589767,696000,404586,291414,-695000,803000,1498000,1186181
20130118,42034278,20184000,21850278,732000,1475000,-743000,-312000,2577000,2889000,20795278
20130121,10863700,12231817,-1368117,591000,617000,-26000,279000,941000,662000,-1115117
20130122,18759000,15376144,3382856,476000,184000,292000,65000,452000,387000,3739856
20130123,28841000,23924717,4916283,112000,332000,-220000,-56000,503000,559000,4640283
20130124,23209130,34795226,-11586096,211000,293000,-82000,-1015000,896000,1911000,-12683096
20130125,29776410,40988523,-11212113,16000,1254000,-1238000,437000,1034000,597000,-12013113
20130128,20373000,24455000,-4082000,125000,17000,108000,-622000,795000,1417000,-4596000
20130129,28873900,18836424,10037476,0,483000,-483000,-3081000,193000,3274000,6473476
20130130,26626677,16473684,10152993,0,80000,-80000,-1210000,395000,1605000,8862993
20130131,38165744,37758248,407496,135000,63000,72000,-1096000,359000,1455000,-616504
20130201,22116126,18066272,4049854,0,327000,-327000,-83000,162000,245000,3639854
20130204,31299000,16660672,14638328,57000,1924000,-1867000,-6000,1004000,1010000,12765328
20130205,13254000,9299025,3954975,130000,825000,-695000,-204000,472000,676000,3055975
20130206,27512333,12025604,15486729,109000,426000,-317000,-3293000,430000,3723000,11876729
20130218,57660600,38638413,19022187,264000,910000,-646000,-2425000,641000,3066000,15951187
20130219,16813000,12053866,4759134,320000,349000,-29000,-1105000,552000,1657000,3625134
20130220,36414295,22776688,13637607,104000,560000,-456000,-1862000,597000,2459000,11319607
20130221,26165042,24032974,2132068,0,1182000,-1182000,-926000,392000,1318000,24068
20130222,22165000,35973961,-13808961,52000,161000,-109000,1505872,2355000,849128,-12412089
20130223,4162000,26000,4136000,102000,771000,-669000,-592000,519000,1111000,2875000
20130225,25151000,29236375,-4085375,500000,59000,441000,-369000,778000,1147000,-4013375
20130226,19485000,28264665,-8779665,530000,491000,39000,136000,1048000,912000,-8604665
20130227,36511958,63218367,-26706409,774000,1666000,-892000,1712000,2451000,739000,-25886409
20130301,24173500,27303560,-3130060,0,1408000,-1408000,-191000,1118000,1309000,-4729060
20130304,26640200,46764000,-20123800,0,2313050,-2313050,2538585,2732000,193415,-19898265
20130305,46530666,43036674,3493992,825000,1852675,-1027675,-1411000,893000,2304000,1055317
20130306,33701642,29780531,3921111,100000,782000,-682000,-746000,495000,1241000,2493111
20130307,15121600,14218966,902634,40000,1100000,-1060000,-496000,498000,994000,-653366
20130308,36098100,27388375,8709725,344000,3462000,-3118000,-1613000,769000,2382000,3978725
20130311,20489000,27564113,-7075113,0,1616000,-1616000,-392000,1158000,1550000,-9083113
20130312,21646385,18670062,2976323,40000,3137000,-3097000,-72000,556000,628000,-192677
20130313,50713000,41194183,9518817,50000,1375000,-1325000,-2560001,513000,3073001,5633816
20130314,22627800,26008336,-3380536,281000,617899,-336899,-2014000,329000,2343000,-5731435
20130315,21338244,28450955,-7112711,4935000,119000,4816000,-1895000,562000,2457000,-4191711
20130318,11971000,38735855,-26764855,239000,390000,-151000,431000,1513000,1082000,-26484855
20130319,16753000,42771603,-26018603,73000,1983000,-1910000,-190000,825000,1015000,-28118603
20130320,23986586,56627727,-32641141,32000,330000,-298000,779000,2171000,1392000,-32160141
20130321,21982930,50181799,-28198869,920000,1305000,-385000,1400000,2891000,1491000,-27183869
20130322,12341000,35107077,-22766077,210000,1956000,-1746000,-66000,1354000,1420000,-24578077
20130325,16990000,13559895,3430105,0,289000,-289000,-943000,330000,1273000,2198105
20130326,14581749,23509905,-8928156,104000,1209000,-1105000,153000,490000,337000,-9880156
20130327,20269000,20099374,169626,127000,1452000,-1325000,-1622000,226000,1848000,-2777374
20130328,18962995,24480344,-5517349,0,296000,-296000,-1115000,751000,1866000,-6928349
20130329,13477000,13009306,467694,46000,407000,-361000,-89000,411000,500000,17694
20130401,10740060,8945000,1795060,70000,670000,-600000,-521000,394000,915000,674060
20130402,13627300,20167060,-6539760,163000,188000,-25000,-306000,315000,621000,-6870760
20130403,20627682,23412617,-2784935,200000,423000,-223000,-877000,48000,925000,-3884935
20130408,37478980,53306944,-15827964,58000,135000,-77000,612000,1427000,815000,-15292964
20130409,16017671,39278217,-23260546,645000,62000,583000,1166749,1519000,352251,-21510797
20130410,22518723,34704937,-12186214,674000,0,674000,409000,914000,505000,-11103214
20130411,42652292,39732374,2919918,1048000,1131000,-83000,1440000,3797000,2357000,4276918
20130412,15140000,14880565,259435,66000,0,66000,-961000,313000,1274000,-635565
20130415,14837846,18298300,-3460454,207000,799000,-592000,284000,1226000,942000,-3768454
20130416,26345098,28525427,-2180329,83000,608000,-525000,1511000,2403000,892000,-1194329
20130417,31222000,30446996,775004,232000,215164,16836,-473000,958000,1431000,318840
20130418,23297000,27942054,-4645054,0,401000,-401000,1172000,1818000,646000,-3874054
20130419,34804000,17785895,17018105,4394000,400000,3994000,684000,2983000,2299000,21696105
20130422,57421000,39552000,17869000,2657499,208000,2449499,-151000,2234000,2385000,20167499
20130423,34513000,36318175,-1805175,460000,609000,-149000,1542000,2032000,490000,-412175
20130424,23776000,24756785,-980785,130000,12000,118000,1633000,2488000,855000,770215
20130425,18790000,11384502,7405498,424000,396000,28000,-729000,1010000,1739000,6704498
20130426,31537000,13197700,18339300,408000,762000,-354000,-2391000,1396000,3787000,15594300
20130429,18007000,10854150,7152850,60000,257000,-197000,-389000,399000,788000,6566850
20130430,30762044,19227249,11534795,306000,728000,-422000,609000,1031000,422000,11721795
20130502,35052262,16950720,18101542,211000,189000,22000,-1525000,941000,2466000,16598542
20130503,29338735,23087758,6250977,210000,291000,-81000,-3059000,919000,3978000,3110977
20130506,17494806,8125447,9369359,236000,387000,-151000,-2016000,496000,2512000,7202359
20130507,20309500,10754736,9554764,0,355000,-355000,-362000,303000,665000,8837764
20130508,37784407,20923209,16861198,6000,307000,-301000,-936000,954000,1890000,15624198
20130509,21034804,12639529,8395275,2199000,284000,1915000,1000,758000,757000,10311275
20130510,23920569,12432139,11488430,0,999000,-999000,-15000,583000,598000,10474430
20130513,15756600,4253384,11503216,0,315000,-315000,-1091000,388000,1479000,10097216
20130514,24513009,6748810,17764199,1000,1473999,-1472999,-802000,335000,1137000,15489200
20130515,22004000,19929533,2074467,50000,664000,-614000,1687410,2168410,481000,3147877
20130516,32527734,37294324,-4766590,0,525000,-525000,1677000,2494000,817000,-3614590
20130517,14069000,9965151,4103849,0,534000,-534000,206000,1319000,1113000,3775849
20130520,13711686,10759662,2952024,0,311000,-311000,-411000,510000,921000,2230024
20130521,10970604,11415081,-444477,0,416000,-416000,940000,1815000,875000,79523
20130522,24943360,29835971,-4892611,0,421000,-421000,779000,1631000,852000,-4534611
20130523,19485540,35437923,-15952383,500000,1772000,-1272000,-811000,2356000,3167000,-18035383
20130524,10116776,14183638,-4066862,1000,115000,-114000,-611000,1933000,2544000,-4791862
20130527,9516564,11430900,-1914336,142000,55000,87000,603000,1723000,1120000,-1224336
20130528,7231000,20008900,-12777900,3170000,203000,2967000,159000,1249000,1090000,-9651900
20130529,13441425,12143066,1298359,400000,197000,203000,-508000,345000,853000,993359
20130530,25770000,32189000,-6419000,4000,120000,-116000,-429876,1177000,1606876,-6964876
20130531,29046250,33641841,-4595591,8000,60000,-52000,-681000,555000,1236000,-5328591
20130603,13642000,29138677,-15496677,0,111000,-111000,307000,1255000,948000,-15300677
20130604,24182000,20257013,3924987,0,546000,-546000,-1571000,300000,1871000,1807987
20130605,22248087,20555684,1692403,9000,351000,-342000,-117000,479000,596000,1233403
20130606,20610462,29200724,-8590262,0,115000,-115000,1096000,1788000,692000,-7609262
20130607,20544000,23775606,-3231606,291000,892000,-601000,-731000,1100000,1831000,-4563606
20130610,8281000,18155277,-9874277,314000,43000,271000,3037000,3478000,441000,-6566277
20130611,25778000,33125381,-7347381,258000,0,258000,108000,965000,857000,-6981381
20130613,26605968,54480117,-27874149,591000,269000,322000,2215000,3269000,1054000,-25337149
20130614,32333000,29369184,2963816,593000,0,593000,-3849000,629000,4478000,-292184
20130617,13258000,19100810,-5842810,629000,7000,622000,658000,900000,242000,-4562810
20130618,18891540,23013983,-4122443,0,118000,-118000,507000,1286000,779000,-3733443
20130619,8575000,19685840,-11110840,330000,116000,214000,1134000,1677000,543000,-9762840
20130620,14370000,24919915,-10549915,91000,124000,-33000,331000,1337000,1006000,-10251915
20130621,21513947,28007700,-6493753,1094000,623000,471000,-590000,1684000,2274000,-6612753
20130624,23152000,48480355,-25328355,304000,643000,-339000,645000,1991000,1346000,-25022355
20130625,19543000,27242539,-7699539,80000,250000,-170000,2232000,3276000,1044000,-5637539
20130626,37771000,47284604,-9513604,1186000,68000,1118000,-199000,1446000,1645000,-8594604
20130627,32756000,34679311,-1923311,304000,0,304000,-1347000,1194000,2541000,-2966311
20130628,50187282,41923686,8263596,220000,717000,-497000,-2427000,1161000,3588000,5339596
20130701,25849906,39462311,-13612405,25000,850000,-825000,1517000,3637000,2120000,-12920405
20130702,15004385,24297788,-9293403,302000,329000,-27000,3229000,3591000,362000,-6091403
20130703,23517961,19505700,4012261,174000,15000,159000,-5127000,494000,5621000,-955739
20130704,17024000,13478009,3545991,83000,134000,-51000,-91000,549000,640000,3403991
20130705,22332000,12708400,9623600,332000,61000,271000,275000,989000,714000,10169600
20130708,16888000,28259000,-11371000,290000,5000,285000,-277000,1176000,1453000,-11363000
20130709,26129290,30119500,-3990210,402000,573000,-171000,168000,1152000,984000,-3993210
20130710,15799000,15092850,706150,200000,125000,75000,-673000,614000,1287000,108150
20130711,48521138,26332936,22188202,609000,338991,270009,-1105000,984000,2089000,21353211
20130712,28307000,13189000,15118000,294000,1336000,-1042000,-1475000,42000,1517000,12601000
20130715,28133442,16786618,11346824,109000,238000,-129000,-68000,484000,552000,11149824
20130716,26520000,25084672,1435328,100000,2833000,-2733000,822000,1392000,570000,-475672
20130717,36351462,24257489,12093973,36000,798000,-762000,-1599000,133000,1732000,9732973
20130718,38475000,41621821,-3146821,6000,934236,-928236,1171000,1845000,674000,-2904057
20130719,44620100,95292556,-50672456,665000,4413000,-3748000,703000,2926000,2223000,-53717456
20130722,39280726,73161877,-33881151,60000,1130000,-1070000,2722000,3098000,376000,-32229151
20130723,56057595,60691471,-4633876,621000,366000,255000,857000,2283000,1426000,-3521876
20130724,40130400,39518000,612400,15000,122000,-107000,-167000,1065000,1232000,338400
20130725,26679320,25162900,1516420,432000,283000,149000,-703000,343000,1046000,962420
20130726,21607230,26142620,-4535390,0,384000,-384000,-121000,528000,649000,-5040390
20130729,21923250,32944837,-11021587,581000,432000,149000,-705000,143000,848000,-11577587
20130730,25535000,26622000,-1087000,800000,872000,-72000,373000,761000,388000,-786000
20130731,29188543,28839789,348754,12000,495000,-483000,-143000,479000,622000,-277246
20130801,20945033,28393971,-7448938,0,277000,-277000,-296000,374000,670000,-8021938
20130802,23240553,20648421,2592132,67000,895000,-828000,-54000,600000,654000,1710132
20130805,14907238,17834000,-2926762,30000,2138000,-2108000,399000,764000,365000,-4635762
20130806,17268086,36998700,-19730614,0,420000,-420000,-13000,655000,668000,-20163614
20130807,15935000,39035660,-23100660,124000,715000,-591000,-587000,139000,726000,-24278660
20130808,14847139,46908473,-32061334,165000,1112000,-947000,209000,1003000,794000,-32799334
20130809,23121002,37549400,-14428398,79000,1415000,-1336000,642000,1103000,461000,-15122398
20130812,14285240,27793050,-13507810,49000,389000,-340000,341000,1053000,712000,-13506810
20130813,19643500,27324975,-7681475,0,1433000,-1433000,528000,842000,314000,-8586475
20130814,24069244,35826548,-11757304,38000,1613000,-1575000,-387000,381000,768000,-13719304
20130815,17393000,36486800,-19093800,124000,363000,-239000,-11000,564000,575000,-19343800
20130816,22639319,25778448,-3139129,156000,472000,-316000,717000,1426000,709000,-2738129
20130819,22194124,46532799,-24338675,233000,949000,-716000,223000,681000,458000,-24831675
20130820,16363107,30029180,-13666073,243000,2471000,-2228000,-1062000,494000,1556000,-16956073
20130822,38287501,46383309,-8095808,294000,1555000,-1261000,-745000,756000,1501000,-10101808
20130823,24338000,26797503,-2459503,1409000,55000,1354000,767000,1341000,574000,-338503
20130826,9066600,11909820,-2843220,406000,10000,396000,-558000,330000,888000,-3005220
20130827,15924000,18954353,-3030353,335000,200000,135000,-946000,437000,1383000,-3841353
20130828,28492000,20154983,8337017,586000,243000,343000,-1009000,425000,1434000,7671017
20130829,46301475,32504524,13796951,1049000,500000,549000,-332000,944000,1276000,14013951
20130830,33319815,14637545,18682270,680000,655000,25000,-1310000,274000,1584000,17397270
20130902,26967000,7156819,19810181,0,898000,-898000,-343000,288000,631000,18569181
20130903,27524367,12751755,14772612,818774,2317000,-1498226,-977000,185000,1162000,12297386
20130904,17570000,18636900,-1066900,0,508000,-508000,354000,537000,183000,-1220900
20130905,26124465,29555826,-3431361,103000,591000,-488000,1620000,1652000,32000,-2299361
20130906,22010198,16118455,5891743,387000,370000,17000,-156000,183000,339000,5752743
20130909,28113677,18291000,9822677,54000,112000,-58000,-275000,287000,562000,9489677
20130910,33838000,14315000,19523000,193000,0,193000,-656000,106000,762000,19060000
20130911,37393000,23136827,14256173,426000,31000,395000,467000,831000,364000,15118173
20130912,30161155,21076716,9084439,0,68000,-68000,-663000,158000,821000,8353439
20130913,20381000,18205743,2175257,60000,974000,-914000,-228000,91000,319000,1033257
20130914,3652000,301000,3351000,56000,110000,-54000,-398000,58000,456000,2899000
20130916,36780000,8988038,27791962,80000,444000,-364000,76000,270000,194000,27503962
20130917,23232395,15875811,7356584,0,164000,-164000,-643000,12000,655000,6549584
20130918,27702018,27952829,-250811,81000,1881000,-1800000,801000,1154000,353000,-1249811
20130923,52873336,43344711,9528625,0,538000,-538000,-625000,166000,791000,8365625
20130924,26356000,19555910,6800090,60000,645000,-585000,-1114000,92000,1206000,5101090
20130925,28047000,24139798,3907202,74000,261000,-187000,-65000,326000,391000,3655202
20130926,17718876,13790468,3928408,44000,684000,-640000,-1086000,168000,1254000,2202408
20130927,23233000,16822096,6410904,50000,20000,30000,-122000,122000,244000,6318904
20130930,20398000,37507109,-17109109,342000,455000,-113000,516000,856000,340000,-16706109
20131001,15087881,18449103,-3361222,122000,139000,-17000,-470000,142000,612000,-3848222
20131002,13064763,7956693,5108070,110000,263000,-153000,-356000,61000,417000,4599070
20131003,44124778,18914936,25209842,152000,23000,129000,275000,997000,722000,25613842
20131004,15192600,18781600,-3589000,75000,12000,63000,713000,748000,35000,-2813000
20131007,17526927,21570500,-4043573,64000,364000,-300000,-150000,366000,516000,-4493573
20131008,31263709,26184339,5079370,545000,103000,442000,-690000,246000,936000,4831370
20131009,22552268,19758292,2793976,222000,203000,19000,-505000,37000,542000,2307976
20131011,47889203,40048652,7840551,679000,446047,232953,123000,680000,557000,8196504
20131014,11760404,8082323,3678081,1626000,74000,1552000,-331000,233000,564000,4899081
20131015,16464000,8565000,7899000,685000,16000,669000,848000,894000,46000,9416000
20131016,15565581,7411488,8154093,370000,16000,354000,646000,872000,226000,9154093
20131017,21843000,13901011,7941989,292000,129000,163000,705000,786000,81000,8809989
20131018,51655293,12495000,39160293,310000,49000,261000,-641000,541000,1182000,38780293
20131021,37613795,24192000,13421795,93000,333000,-240000,-440000,167000,607000,12741795
20131022,35615303,18045548,17569755,37000,153000,-116000,-132000,446000,578000,17321755
20131023,20309000,13041645,7267355,121000,484000,-363000,-1820000,375000,2195000,5084355
20131024,15459552,9494959,5964593,115000,699000,-584000,402000,659000,257000,5782593
20131025,19406000,24739263,-5333263,225000,1290000,-1065000,246000,1074000,828000,-6152263
20131028,16675000,8364386,8310614,29000,447000,-418000,-491000,272000,763000,7401614
20131029,18098100,14565531,3532569,10000,13000,-3000,2000,364000,362000,3531569
20131030,12950000,7128000,5822000,15000,49000,-34000,134000,309000,175000,5922000
20131031,20307411,18565056,1742355,176000,3000,173000,-104000,204000,308000,1811355
20131101,9183988,4826235,4357753,50000,353000,-303000,-475000,219000,694000,3579753
20131104,7566000,6065143,1500857,0,265000,-265000,-122000,259000,381000,1113857
20131105,7757200,16418316,-8661116,15000,160000,-145000,684000,935000,251000,-8122116
20131106,9983795,8413752,1570043,10000,128000,-118000,672000,899000,227000,2124043
20131107,9690518,10314432,-623914,0,67000,-67000,202000,341000,139000,-488914
20131108,15679000,24735081,-9056081,700000,493000,207000,310000,574000,264000,-8539081
20131111,4941000,17582987,-12641987,11000,32000,-21000,558000,721000,163000,-12104987
20131112,18318000,19140500,-822500,119000,296000,-177000,912000,1032000,120000,-87500
20131113,10284530,23323000,-13038470,206000,60000,146000,387000,621000,234000,-12505470
20131114,15259650,25133828,-9874178,176000,366000,-190000,318000,356000,38000,-9746178
20131115,7241000,17987630,-10746630,203000,0,203000,534000,597000,63000,-10009630
20131118,17880111,20521786,-2641675,498000,220000,278000,261000,547000,286000,-2102675
20131119,14291822,27143304,-12851482,798000,22000,776000,2848000,2955000,107000,-9227482
20131120,10563450,43758081,-33194631,149000,370000,-221000,5564000,5937000,373000,-27851631
20131121,27227333,51862743,-24635410,162000,130000,32000,823000,1192000,369000,-23780410
20131122,24573000,53216474,-28643474,237000,130000,107000,131000,583000,452000,-28405474
20131125,14492970,26323243,-11830273,339000,98889,240111,1496000,1571000,75000,-10094162
20131126,35003100,30203406,4799694,528000,108000,420000,-279000,945000,1224000,4940694
20131127,17169848,12203589,4966259,446000,0,446000,-1254000,175000,1429000,4158259
20131128,16591100,9410207,7180893,103000,67000,36000,532000,768000,236000,7748893
20131129,26194468,17681926,8512542,40000,117000,-77000,748000,861000,113000,9183542
20131202,10940031,7493395,3446636,34000,273000,-239000,209000,549000,340000,3416636
20131203,13794928,20395048,-6600120,7000,198000,-191000,-418000,257000,675000,-7209120
20131204,16167800,11468308,4699492,28000,20000,8000,-116000,380000,496000,4591492
20131205,11381000,21975714,-10594714,0,102000,-102000,-362000,191000,553000,-11058714
20131206,15154000,19892000,-4738000,39000,429000,-390000,192000,391000,199000,-4936000
20131209,18217531,10615822,7601709,132000,416000,-284000,477000,531000,54000,7794709
20131210,16648397,16164174,484223,238000,377000,-139000,34000,175000,141000,379223
20131211,21609623,14078126,7531497,152000,80000,72000,-1135064,224000,1359064,6468433
20131212,7494000,14818876,-7324876,706000,328000,378000,488000,608000,120000,-6458876
20131213,8124437,23244754,-15120317,817000,23000,794000,359000,557000,198000,-13967317
20131216,7223000,12463932,-5240932,422000,926599,-504599,-87337,89000,176337,-5832868
20131217,18854000,16949412,1904588,657000,508000,149000,-512000,71000,583000,1541588
20131218,30227038,60030543,-29803505,362425,381000,-18575,1257000,1534000,277000,-28565080
20131219,10561334,22215694,-11654360,156000,331000,-175000,-374000,487000,861000,-12203360
20131220,17587026,29283325,-11696299,218000,405000,-187000,626000,925000,299000,-11257299
20131223,13322763,14679814,-1357051,311000,11000,300000,-364000,390000,754000,-1421051
20131224,1777140,9647828,-7870688,400000,572000,-172000,377000,632000,255000,-7665688
20131225,1585000,4794000,-3209000,0,122000,-122000,729000,789000,60000,-2602000
20131226,297000,765000,-468000,10000,50000,-40000,-70000,74000,144000,-578000
20131227,10944000,14931157,-3987157,50000,339000,-289000,301000,775000,474000,-3975157
20131230,23958000,15254342,8703658,30000,459000,-429000,9000,630000,621000,8283658
20131231,14110000,10256531,3853469,587000,431818,155182,228000,1005000,777000,4236651
20140102,6295375,11079966,-4784591,40000,1024000,-984000,925000,1152000,227000,-4843591
20140103,8347560,32569828,-24222268,20000,831000,-811000,1032000,1603000,571000,-24001268
20140106,7910700,21125375,-13214675,200000,178000,22000,79000,269000,190000,-13113675
20140107,12082380,15095108,-3012728,288000,165000,123000,262000,297000,35000,-2627728
20140108,21892513,17880290,4012223,404000,60000,344000,-351000,431000,782000,4005223
20140109,13358429,45281491,-31923062,553000,180000,373000,-33000,2453000,2486000,-31583062
20140110,10542566,29559834,-19017268,1583000,44000,1539000,718000,1547000,829000,-16760268
20140113,11818060,15148489,-3330429,480000,27000,453000,2349000,2663000,314000,-528429
20140114,8515000,14244555,-5729555,1286000,0,1286000,2495000,2696000,201000,-1948555
20140115,25677400,17550858,8126542,3108000,1221000,1887000,4000000,5939000,1939000,14013542
20140116,22525000,12542182,9982818,2012000,301000,1711000,900009,3785009,2885000,12593827
20140117,47441637,21437258,26004379,543000,110000,433000,-7593000,597000,8190000,18844379
20140120,15276164,9535154,5741010,0,25000,-25000,-1231000,206000,1437000,4485010
20140121,18461510,13386236,5075274,268000,151000,117000,-447000,257000,704000,4745274
20140122,21262000,17764561,3497439,67000,155000,-88000,579000,1163000,584000,3988439
20140123,22601296,16205172,6396124,17000,21000,-4000,-760000,143000,903000,5632124
20140124,27318460,24942211,2376249,150000,8000,142000,-66000,381000,447000,2452249
20140127,29920000,58912011,-28992011,1176000,191000,985000,1233000,1915000,682000,-26774011
20140205,50262809,142112472,-91849663,250000,344000,-94000,2069000,3141000,1072000,-89874663
20140206,35250200,61938551,-26688351,457000,1456000,-999000,-390000,651000,1041000,-28077351
20140207,20278020,32900330,-12622310,365000,6000,359000,-1535000,658000,2193000,-13798310
20140210,8326000,20854076,-12528076,15000,333000,-318000,-503000,18000,521000,-13349076
20140211,12814610,12250686,563924,0,117000,-117000,-862000,44000,906000,-415076
20140212,18600000,15090389,3509611,100000,146000,-46000,-131000,254000,385000,3332611
20140213,16337000,7355158,8981842,0,959427,-959427,-2925000,120000,3045000,5097415
20140214,33378000,10742371,22635629,279000,56000,223000,270000,2475000,2205000,23128629
20140217,30277900,9523020,20754880,248000,100000,148000,-465000,219000,684000,20437880
20140218,18718000,6280402,12437598,1190000,239000,951000,-109000,99000,208000,13279598
20140219,26665700,10182136,16483564,65000,0,65000,-866000,335000,1201000,15682564
20140220,21640751,15477043,6163708,222000,886000,-664000,-147000,244000,391000,5352708
20140221,29505000,9762525,19742475,40000,494000,-454000,-162000,258000,420000,19126475
20140224,27445000,11762738,15682262,60000,448000,-388000,239000,329000,90000,15533262
20140225,30293160,12021143,18272017,595000,59000,536000,-168000,331000,499000,18640017
20140226,30790000,16287925,14502075,157000,45000,112000,273000,473000,200000,14887075
20140227,40750679,27417073,13333606,107000,176000,-69000,2200000,2398000,198000,15464606
20140303,49236360,44229035,5007325,0,412000,-412000,-2015000,114000,2129000,2580325
20140304,33704100,32954379,749721,86000,618000,-532000,170000,410000,240000,387721
20140305,27164575,22201188,4963387,20000,151000,-131000,662000,1521000,859000,5494387
20140306,46606140,28317543,18288597,454000,225000,229000,-1017000,853000,1870000,17500597
20140307,49248000,24537862,24710138,352000,349000,3000,-2263000,358000,2621000,22450138
20140310,19498000,23182584,-3684584,878000,1791000,-913000,317000,774000,457000,-4280584
20140311,9104700,11792545,-2687845,112000,379000,-267000,142000,437000,295000,-2812845
20140312,10246000,8708205,1537795,161000,382000,-221000,-3636000,244000,3880000,-2319205
20140313,51020000,25734285,25285715,997000,377000,620000,-2193000,264000,2457000,23712715
20140314,34913760,29596865,5316895,77000,362000,-285000,102000,912000,810000,5133895
20140317,18192000,14345221,3846779,153000,1288000,-1135000,-125000,536000,661000,2586779
20140318,29519000,15863779,13655221,100000,17000,83000,55000,307000,252000,13793221
20140319,27894000,15034021,12859979,0,501000,-501000,655840,1171000,515160,13014819
20140320,26604000,24476069,2127931,618000,153000,465000,-135000,672000,807000,2457931
20140321,49168928,23881656,25287272,100000,17000,83000,-1005000,543000,1548000,24365272
20140324,20397980,8324852,12073128,136000,100000,36000,-521000,809000,1330000,11588128
20140325,13704600,8223670,5480930,0,463000,-463000,1288000,1436000,148000,6305930
20140326,34702000,19880253,14821747,293000,45000,248000,-426000,416000,842000,14643747
20140327,25153000,11626301,13526699,589000,218000,371000,45000,348000,303000,13942699
20140328,33034160,7141856,25892304,0,436000,-436000,-1298000,205000,1503000,24158304
20140331,42502423,19584600,22917823,307000,298000,9000,-472000,301000,773000,22454823
20140401,36116767,13632083,22484684,380000,295000,85000,-347000,137000,484000,22222684
20140402,35790630,16612334,19178296,1327000,460000,867000,-830000,137000,967000,19215296
20140403,28360000,23791160,4568840,1000,857000,-856000,191000,519000,328000,3903840
20140407,39193150,32336165,6856985,0,234000,-234000,383000,434000,51000,7005985
20140408,28125718,22841780,5283938,0,455000,-455000,193000,487000,294000,5021938
20140409,22341000,17146839,5194161,11000,0,11000,-515000,97000,612000,4690161
20140410,18666420,19559605,-893185,143484,438000,-294516,290000,715000,425000,-897701
20140411,19445520,20219003,-773483,1310000,317000,993000,273000,484000,211000,492517
20140414,22626930,17921759,4705171,1489000,373699,1115301,-36000,324000,360000,5784472
20140415,13873226,16826411,-2953185,214000,691000,-477000,463000,859000,396000,-2967185
20140416,30990685,40087102,-9096417,50000,580000,-530000,-1248000,1582000,2830000,-10874417
20140417,12105500,30226000,-18120500,409000,303000,106000,826000,2053000,1227000,-17188500
20140418,14878000,4689013,10188987,339000,806000,-467000,-3159000,726000,3885000,6562987
20140421,10987000,16265500,-5278500,50000,811000,-761000,-83000,124000,207000,-6122500
20140422,17151000,22119597,-4968597,300000,701000,-401000,162000,279000,117000,-5207597
20140423,22996100,25897900,-2901800,160000,811000,-651000,-440000,210000,650000,-3992800
20140424,17889580,17875627,13953,0,1006000,-1006000,15000,169000,154000,-977047
20140425,25465883,21582612,3883271,219000,477000,-258000,-554832,740000,1294832,3070439
20140428,18571505,15369638,3201867,10000,693000,-683000,-100000,202000,302000,2418867
20140429,16529000,14108806,2420194,100000,3000,97000,-1064000,231000,1295000,1453194
20140430,18305990,35098454,-16792464,28000,109000,-81000,-518000,418000,936000,-17391464
20140502,25574600,38354565,-12779965,0,233000,-233000,811000,1017000,206000,-12201965
20140505,10301502,22316900,-12015398,0,309000,-309000,349000,973000,624000,-11975398
20140506,7166000,21531600,-14365600,2000,140000,-138000,888000,2331000,1443000,-13615600
20140507,19511100,26265280,-6754180,290000,17000,273000,88963,1711000,1622037,-6392217
20140508,21598000,22715046,-1117046,269000,33000,236000,-264000,230000,494000,-1145046
20140509,16401200,17038487,-637287,40000,11000,29000,-942000,212000,1154000,-1550287
20140512,26021038,26458819,-437781,80000,13000,67000,103000,623000,520000,-267781
20140513,21982000,7704213,14277787,229000,22000,207000,-413000,415000,828000,14071787
20140514,29779000,11596770,18182230,237000,72000,165000,-176000,355000,531000,18171230
20140515,8840900,11658980,-2818080,40000,6000,34000,338000,379000,41000,-2446080
20140516,21753000,12751930,9001070,0,113000,-113000,-4656000,87000,4743000,4232070
20140519,13640000,10928792,2711208,352000,25000,327000,58000,240000,182000,3096208
20140520,13873000,13832756,40244,0,8000,-8000,-162000,209000,371000,-129756
20140521,15334000,15181605,152395,0,85000,-85000,-169000,245000,414000,-101605
20140522,17279000,14543418,2735582,0,300000,-300000,653000,821000,168000,3088582
20140523,20613224,23525713,-2912489,170000,171000,-1000,762000,785000,23000,-2151489
20140526,8792000,6177719,2614281,3000,549000,-546000,-120000,423000,543000,1948281
20140527,5756000,10423300,-4667300,87000,500000,-413000,-51000,402000,453000,-5131300
20140528,23774935,14039296,9735639,0,850000,-850000,304000,558000,254000,9189639
20140529,23139000,12831431,10307569,0,263000,-263000,1121679,1378000,256321,11166248
20140530,37719000,48952893,-11233893,0,1306000,-1306000,681000,1697000,1016000,-11858893
20140603,29421000,20235000,9186000,0,2078000,-2078000,-37000,486000,523000,7071000
20140604,30056746,9906719,20150027,0,287000,-287000,-981000,182000,1163000,18882027
20140605,8630082,11916580,-3286498,41000,715000,-674000,-633000,222000,855000,-4593498
20140606,9789000,12134953,-2345953,0,563000,-563000,-305000,196000,501000,-3213953
20140609,11020000,12396496,-1376496,0,589000,-589000,292000,309000,17000,-1673496
20140610,19558418,12358995,7199423,3000,737000,-734000,30000,290000,260000,6495423
20140611,23327742,14400695,8927047,0,1296000,-1296000,-1064000,247000,1311000,6567047
20140612,15531742,16889933,-1358191,10000,2762000,-2752000,-141000,246000,387000,-4251191
20140613,12082746,14451497,-2368751,3000,665000,-662000,-67000,100000,167000,-3097751
20140616,10510315,9022783,1487532,0,908000,-908000,-29000,178000,207000,550532
20140617,17434000,10785103,6648897,126000,557000,-431000,1272000,1902000,630000,7489897
20140618,34944000,19889000,15055000,59000,474000,-415000,-1979000,1216000,3195000,12661000
20140619,20628163,19950245,677918,222000,288000,-66000,386000,652000,266000,997918
20140620,23236233,23975520,-739287,593000,1619000,-1026000,637000,1176000,539000,-1128287
20140623,13455000,14702555,-1247555,0,260000,-260000,588000,1430000,842000,-919555
20140624,19073770,20246253,-1172483,96000,418000,-322000,3246000,3852000,606000,1751517
20140625,13128407,7985417,5142990,416000,142000,274000,2787000,3251000,464000,8203990
20140626,21450029,17258000,4192029,1323000,0,1323000,670000,1377000,707000,6185029
20140627,28994000,19399242,9594758,352000,139000,213000,66000,859000,793000,9873758
20140630,26222638,24252940,1969698,608000,287000,321000,71000,619000,548000,2361698
20140701,16535818,21354449,-4818631,201000,52000,149000,547000,1575000,1028000,-4122631
20140702,26558342,14631226,11927116,399000,668160,-269160,-1661000,674000,2335000,9996956
20140703,15025100,26715677,-11690577,629000,168000,461000,-102000,786000,888000,-11331577
20140704,11470000,30369795,-18899795,194000,371000,-177000,66000,600000,534000,-19010795
20140707,15182785,19069727,-3886942,77000,56000,21000,-1702000,230000,1932000,-5567942
20140708,12082746,19924981,-7842235,82000,205000,-123000,-2111000,619000,2730000,-10076235
20140709,14386670,30332938,-15946268,40000,14000,26000,88831,521000,432169,-15831437
20140710,18416075,45204000,-26787925,216000,224000,-8000,3080000,3199000,119000,-23715925
20140711,20148001,18034393,2113608,40000,300000,-260000,1754000,2716000,962000,3607608
20140714,18148000,32320997,-14172997,40000,430000,-390000,-2340000,598000,2938000,-16902997
20140715,26879098,30027552,-3148454,0,353000,-353000,930000,1467000,537000,-2571454
20140716,21795792,33873977,-12078185,86000,64000,22000,1529000,2294000,765000,-10527185
20140717,39460453,109647224,-70186771,1496000,1560000,-64000,2686000,4694000,2008000,-67564771
20140718,47569000,82478281,-34909281,665000,25000,640000,3360000,5534000,2174000,-30909281
20140721,26824000,51584807,-24760807,530000,327000,203000,1064000,1620000,556000,-23493807
20140722,31190000,45651400,-14461400,252000,827000,-575000,354000,1416000,1062000,-14682400
20140724,42028176,57985417,-15957241,402000,8000,394000,365000,1262000,897000,-15198241
20140725,9537000,24586677,-15049677,324000,5000,319000,-496000,662000,1158000,-15226677
20140728,24010000,37302000,-13292000,1600000,578000,1022000,298000,1006000,708000,-11972000
20140729,35456000,26395660,9060340,159000,72000,87000,-277000,891000,1168000,8870340
20140730,24147000,24434607,-287607,420000,27000,393000,264000,766000,502000,369393
20140731,15723000,38400809,-22677809,624000,22000,602000,1115500,1815500,700000,-20960309
20140801,33682769,54201711,-20518942,283000,574000,-291000,771000,1368000,597000,-20038942
20140804,28640600,30821242,-2180642,311000,83000,228000,1296500,1684500,388000,-656142
20140805,22744000,56544921,-33800921,297000,62000,235000,89000,1532000,1443000,-33476921
20140806,25700600,26181700,-481100,179000,407000,-228000,-513000,564000,1077000,-1222100
20140807,18073783,22941328,-4867545,911000,350000,561000,247000,868000,621000,-4059545
20140808,17281052,31174598,-13893546,776000,158000,618000,15000,795000,780000,-13260546
20140811,13840055,34196053,-20355998,179000,30000,149000,246000,576000,330000,-19960998
20140812,13398403,23857354,-10458951,96000,38000,58000,1099000,1484000,385000,-9301951
20140813,18417933,30147606,-11729673,499000,150000,349000,1195000,1738000,543000,-10185673
20140814,16211000,20904740,-4693740,519000,0,519000,-778000,467000,1245000,-4952740
20140815,11101491,10726000,375491,191000,40000,151000,-1050000,315000,1365000,-523509
20140818,7719060,11029045,-3309985,498000,1000,497000,-168000,509000,677000,-2980985
20140819,22763625,20538422,2225203,293000,69000,224000,170144,436000,265856,2619347
20140820,17845594,14000129,3845465,578000,15000,563000,86000,726000,640000,4494465
20140821,14389000,15000125,-611125,1089000,0,1089000,-567000,507000,1074000,-89125
20140822,34720876,31241330,3479546,224000,31000,193000,655000,915000,260000,4327546
20140825,13472392,12392540,1079852,177000,69000,108000,203000,355000,152000,1390852
20140826,15745688,26372713,-10627025,143000,19000,124000,-31000,507000,538000,-10534025
20140827,23736450,31293786,-7557336,659000,30000,629000,929000,1133000,204000,-5999336
20140828,10688685,17506400,-6817715,544000,0,544000,-45000,486000,531000,-6318715
20140829,19987367,24162331,-4174964,250000,124000,126000,-118000,880000,998000,-4166964
20140901,25654000,8864059,16789941,861000,56000,805000,1599000,2405000,806000,19193941
20140902,8942000,11557100,-2615100,748000,0,748000,-1215000,579000,1794000,-3082100
20140903,19607666,14982874,4624792,603000,114000,489000,-1429000,255000,1684000,3684792
20140904,13274359,14053726,-779367,3313000,0,3313000,-660000,377000,1037000,1873633
20140905,11388000,11010503,377497,614000,165000,449000,-28000,942000,970000,798497
20140909,17693295,18856634,-1163339,246000,63000,183000,508000,806000,298000,-472339
20140910,10196832,23278600,-13081768,50000,0,50000,-283000,1080000,1363000,-13314768
20140911,19126045,19045045,81000,523000,0,523000,-746000,163000,909000,-142000
20140912,8242373,14482464,-6240091,185000,0,185000,-1592000,447000,2039000,-7647091
20140915,10995513,15178759,-4183246,151000,70000,81000,-149000,613000,762000,-4251246
20140916,4613724,16975000,-12361276,320000,6000,314000,225000,374000,149000,-11822276
20140917,12019500,17682953,-5663453,162000,28000,134000,3781000,4764000,983000,-1748453
20140918,11104426,11177804,-73378,48000,313000,-265000,-37000,570000,607000,-375378
20140919,24909877,25168767,-258890,339000,168000,171000,-295835,840000,1135835,-383725
20140922,14148030,35009160,-20861130,639279,85000,554279,-1012000,627000,1639000,-21318851
20140923,10489000,12489653,-2000653,458000,0,458000,494000,910000,416000,-1048653
20140924,22827050,21995232,831818,661000,150000,511000,202000,504000,302000,1544818
20140925,16426493,14049136,2377357,279000,1319000,-1040000,-349000,634000,983000,988357
20140926,15586251,15823456,-237205,522000,175000,347000,385000,798000,413000,494795
20140929,37206668,51309407,-14102739,813000,0,813000,-32000,687000,719000,-13321739
20140930,34165955,42520288,-8354333,581000,0,581000,-177000,1709000,1886000,-7950333
20141001,26640096,36885808,-10245712,1613000,0,1613000,1446000,2427000,981000,-7186712
20141002,21463600,23629888,-2166288,769000,24000,745000,1158000,1716000,558000,-263288
20141003,38907421,26325500,12581921,2003000,85000,1918000,-2447000,866000,3313000,12052921
20141006,33659952,23990372,9669580,367000,569000,-202000,-404000,568000,972000,9063580
20141007,34892200,28534404,6357796,120000,98000,22000,-2365000,131000,2496000,4014796
20141008,15320670,27357000,-12036330,1333000,34000,1299000,699000,881000,182000,-10038330
20141009,20140080,24014592,-3874512,602000,27000,575000,-323000,550000,873000,-3622512
20141013,33393000,56142751,-22749751,1218000,149000,1069000,-12000,1339000,1351000,-21692751
20141014,18424788,27242000,-8817212,878000,125000,753000,142000,940000,798000,-7922212
20141015,39170501,39566083,-395582,1314000,30000,1284000,-1788000,264000,2052000,-899582
20141016,24742000,28236775,-3494775,1098000,63000,1035000,338000,1677000,1339000,-2121775
20141017,78717000,58074071,20642929,1917000,130000,1787000,-2796000,482000,3278000,19633929
20141020,33849793,22297211,11552582,521000,306000,215000,-139000,453000,592000,11628582
20141021,20427869,20727459,-299590,680000,71000,609000,-101000,191000,292000,208410
20141022,56405787,10325469,46080318,497000,50000,447000,-853000,1195000,2048000,45674318
20141023,22017557,17964500,4053057,846000,567000,279000,-420876,348000,768876,3911181
20141024,26996000,33802912,-6806912,104000,0,104000,720000,1334000,614000,-5982912
20141027,20830000,11840875,8989125,366000,62000,304000,-462000,416000,878000,8831125
20141028,30233200,12065198,18168002,357000,252000,105000,-1554000,643000,2197000,16719002
20141029,31111369,15128000,15983369,178000,0,178000,575000,819000,244000,16736369
20141030,28088300,16077601,12010699,1213000,200000,1013000,702000,962000,260000,13725699
20141031,37207054,22323035,14884019,84000,299000,-215000,-16000,668000,684000,14653019
20141103,39554214,14870813,24683401,326000,307000,19000,-827000,498000,1325000,23875401
20141104,30003000,11714200,18288800,154000,0,154000,-1101000,355000,1456000,17341800
20141105,21204161,9934000,11270161,0,84000,-84000,49000,367000,318000,11235161
20141106,25281500,10073321,15208179,454000,58000,396000,-232452,1162000,1394452,15371727
20141107,13824101,9528704,4295397,69000,170000,-101000,636000,889000,253000,4830397
20141110,38711800,9850000,28861800,788000,10000,778000,-1252000,270000,1522000,28387800
20141111,16312000,9637210,6674790,306000,107000,199000,-1193000,483000,1676000,5680790
20141112,19144447,17517913,1626534,90000,491000,-401000,210000,734000,524000,1435534
20141113,21882771,8500000,13382771,0,85000,-85000,-411000,296000,707000,12886771
20141114,20940292,10010700,10929592,281000,78000,203000,71000,527000,456000,11203592
20141117,17602000,17355540,246460,50000,487000,-437000,-401000,551000,952000,-591540
20141118,33613372,33022641,590731,88000,141000,-53000,-260000,806000,1066000,277731
20141119,65885894,26204462,39681432,465000,19000,446000,-446000,1023000,1469000,39681432
20141120,38123000,14353719,23769281,629000,352000,277000,-855000,177000,1032000,23191281
20141121,25861490,18347300,7514190,100000,608000,-508000,-32000,416000,448000,6974190
20141124,24100000,18886200,5213800,4000,30000,-26000,265000,460000,195000,5452800
20141125,35319739,32803920,2515819,191000,216000,-25000,179000,416000,237000,2669819
20141126,18610730,15163000,3447730,30000,789000,-759000,-140000,496000,636000,2548730
20141127,18289600,8999092,9290508,0,107621,-107621,86000,537000,451000,9268887
20141128,31389500,20825644,10563856,0,370508,-370508,119000,414000,295000,10312348
20141201,35804576,38515962,-2711386,0,417000,-417000,1374000,1083000,159000,924000,699000,249000,450000,-1754386
20141202,41403000,36229624,5173376,66000,633000,-567000,-945000,332000,682000,-350000,400000,995000,-595000,3661376
20141203,25469752,33216128,-7746376,0,1469000,-1469000,729799,457000,143000,314000,627000,211201,415799,-8485577
20141204,23864000,15764739,8099261,0,122000,-122000,48000,77000,147000,-70000,226000,108000,118000,8025261
20141205,16985928,24425028,-7439100,382000,168000,214000,576000,255000,85000,170000,454000,48000,406000,-6649100
20141208,14681000,13640837,1040163,44000,1299000,-1255000,-461000,20000,183000,-163000,30000,328000,-298000,-675837
20141209,26721938,19559295,7162643,882000,45000,837000,-61000,22000,90000,-68000,292000,285000,7000,7938643
20141210,17991244,33455475,-15464231,517000,173000,344000,-356000,316000,754000,-438000,240000,158000,82000,-15476231
20141211,26115821,33205062,-7089241,111000,505251,-394251,125000,203000,143000,60000,237000,172000,65000,-7358492
20141212,17615697,28258431,-10642734,0,111000,-111000,-132000,144000,135000,9000,127000,268000,-141000,-10885734
20141215,35015712,23579940,11435772,100000,84000,16000,-301000,85000,300000,-215000,40000,126000,-86000,11150772
20141216,17293000,37489291,-20196291,45000,996000,-951000,1016000,564000,13000,551000,570000,105000,465000,-20131291
20141217,40447000,78420663,-37973663,252000,646000,-394000,211000,358000,327000,31000,476000,296000,180000,-38156663
20141218,23971972,44988300,-21016328,253000,121000,132000,1080000,1916000,476000,1440000,90000,450000,-360000,-19804328
20141219,30947904,13822489,17125415,1065000,587000,478000,-72000,592000,977000,-385000,1047000,734000,313000,17531415
20141222,26502000,13520442,12981558,263000,49000,214000,-698000,109000,103000,6000,99000,803000,-704000,12497558
20141223,11065000,9693500,1371500,0,34000,-34000,-546000,59000,20000,39000,188000,773000,-585000,791500
20141224,10283000,7102000,3181000,0,182000,-182000,-711000,70000,760000,-690000,34000,55000,-21000,2288000
20141225,2216000,2195000,21000,0,572000,-572000,-291000,9000,323000,-314000,105000,82000,23000,-842000
20141226,8518000,1394000,7124000,0,572000,-572000,18000,68000,40000,28000,27000,37000,-10000,6570000
20141227,2000,19000,-17000,35000,15000,20000,95000,39000,0,39000,67000,11000,56000,98000
20141229,30217000,8217582,21999418,7000,802000,-795000,-71000,125000,103000,22000,242000,335000,-93000,21133418
20141230,15242478,12811505,2430973,481000,475000,6000,500000,260000,13000,247000,293000,40000,253000,2936973
20141231,12855000,7774400,5080600,0,746000,-746000,-457000,50000,194000,-144000,67000,380000,-313000,3877600
20150105,18957906,15272571,3685335,0,752000,-752000,545000,347000,525000,-178000,907000,184000,723000,3478335
20150106,12723462,49800543,-37077081,45000,1257000,-1212000,3307000,2705000,254000,2451000,1035000,179000,856000,-34982081
20150107,26695305,25170656,1524649,538000,1879000,-1341000,1386000,1025000,85000,940000,648000,202000,446000,1569649
20150108,26602770,18806147,7796623,143000,57000,86000,-624000,50000,283000,-233000,242000,633000,-391000,7258623
20150109,13413000,45439292,-32026292,55000,1550000,-1495000,-13000,1382000,2758000,-1376000,1687000,324000,1363000,-33534292
20150112,7498013,17857639,-10359626,101000,2848000,-2747000,298000,419000,248000,171000,347000,220000,127000,-12808626
20150113,19287435,27365981,-8078546,48000,631000,-583000,559000,520000,60000,460000,173000,74000,99000,-8102546
20150114,17065000,41858520,-24793520,37000,450000,-413000,-350000,511000,272000,239000,208000,797000,-589000,-25556520
20150115,26074000,25996729,77271,703000,1198000,-495000,622000,637000,416000,221000,622000,221000,401000,204271
20150116,83994739,71195656,12799083,4464000,61000,4403000,843916,1905000,1931000,-26000,1405000,535084,869916,18045999
20150119,43445000,14349900,29095100,541000,432000,109000,-3354000,307000,1682000,-1375000,103000,2082000,-1979000,25850100
20150120,22769000,12685785,10083215,522000,90000,432000,261000,440000,135000,305000,173000,217000,-44000,10776215
20150121,69681910,15804166,53877744,119000,260000,-141000,-1456000,155000,558000,-403000,179000,1232000,-1053000,52280744
20150122,35197739,17730546,17467193,420000,519000,-99000,-55000,425000,57000,368000,113000,536000,-423000,17313193
20150123,67624322,14238889,53385433,737000,63000,674000,-412000,633000,619000,14000,191000,617000,-426000,53647433
20150126,41700000,18976083,22723917,295000,82000,213000,-257000,356000,189000,167000,16000,440000,-424000,22679917
20150127,48076544,15298958,32777586,214000,342000,-128000,-310000,200000,199000,1000,137000,448000,-311000,32339586
20150128,42778050,23471124,19306926,200000,162000,38000,-3000,158000,53000,105000,127000,235000,-108000,19341926
20150129,21621000,23133754,-1512754,220000,964791,-744791,95000,1120000,1163000,-43000,532000,394000,138000,-2162545
20150130,26886000,37055677,-10169677,280000,693000,-413000,1356000,1165000,31000,1134000,372000,150000,222000,-9226677
20150202,24971303,20017780,4953523,127000,413000,-286000,350000,362000,60000,302000,170000,122000,48000,5017523
20150203,21996000,16519849,5476151,182000,7000,175000,235000,318000,6000,312000,45000,122000,-77000,5886151
20150204,35166315,27694283,7472032,62000,124000,-62000,593936,947000,172000,775000,73000,254064,-181064,8003968
20150205,14608000,20198308,-5590308,100000,143000,-43000,304937,383000,119000,264000,91000,50063,40937,-5328371
20150206,19566000,20843000,-1277000,0,4000,-4000,426000,433000,25000,408000,98000,80000,18000,-855000
20150209,17438352,20245277,-2806925,54000,177000,-123000,299000,290000,59000,231000,107000,39000,68000,-2630925
20150210,28614303,26898373,1715930,0,464000,-464000,315000,399000,46000,353000,109000,147000,-38000,1566930
20150211,57713667,31746962,25966705,472000,330000,142000,-921000,366000,1606000,-1240000,429000,110000,319000,25187705
20150212,26086000,14941821,11144179,0,702000,-702000,-919000,160000,321000,-161000,1000,759000,-758000,9523179
20150213,27348400,16638982,10709418,489000,279000,210000,-257000,388000,385000,3000,105000,365000,-260000,10662418
20150224,64063231,52715102,11348129,956000,104000,852000,-540000,292000,712000,-420000,337000,457000,-120000,11660129
20150225,40492478,18325419,22167059,1655000,540000,1115000,-1076042,321000,920000,-599000,28000,505042,-477042,22206017
20150226,42609000,34196637,8412363,0,763000,-763000,512000,1186000,726000,460000,197000,145000,52000,8161363
20150302,24653251,32267748,-7614497,932000,199077,732923,1275000,1365000,291000,1074000,275000,74000,201000,-5606574
20150303,17948629,17096346,852283,68000,568000,-500000,508269,931000,343000,588000,318000,397731,-79731,860552
20150304,23545000,20780656,2764344,62000,269000,-207000,-277000,449000,463000,-14000,20000,283000,-263000,2280344
20150305,19468000,17055175,2412825,267000,312000,-45000,-974042,313000,150000,163000,78000,1215042,-1137042,1393783
20150306,19298303,26316760,-7018457,25000,360000,-335000,2206000,2009000,42000,1967000,265000,26000,239000,-5147457
20150309,14987567,53421586,-38434019,339000,100000,239000,4126841,3240000,770000,2470000,1763000,106159,1656841,-34068178
20150310,9355224,41278219,-31922995,301000,153000,148000,2271000,1800000,85000,1715000,834000,278000,556000,-29503995
20150311,25167867,35860500,-10692633,748000,97000,651000,407000,1485000,728000,757000,158000,508000,-350000,-9634633
20150312,16141512,19351753,-3210241,1742000,26100,1715900,-770000,120000,527000,-407000,91000,454000,-363000,-2264341
20150313,27361462,33295692,-5934230,552000,11000,541000,-533000,536000,963000,-427000,117000,223000,-106000,-5926230
20150316,20744324,31437903,-10693579,8000,137000,-129000,110000,328000,307000,21000,181000,92000,89000,-10712579
20150317,42559660,34420000,8139660,248000,40000,208000,-4257042,5000,4149000,-4144000,182000,295042,-113042,4090618
20150318,50908568,28868191,22040377,0,187000,-187000,-2896000,389000,2788000,-2399000,416000,913000,-497000,18957377
20150319,30273000,26503635,3769365,491000,236000,255000,-478000,894000,544000,350000,53000,881000,-828000,3546365
20150320,31381040,31239677,141363,11000,762000,-751000,-325000,168000,595000,-427000,223000,121000,102000,-934637
20150323,21396376,14656870,6739506,98000,521000,-423000,-362000,68000,30000,38000,79000,479000,-400000,5954506
20150324,24774547,28432052,-3657505,0,862000,-862000,-85000,348000,525000,-177000,264000,172000,92000,-4604505
20150325,37658825,43763670,-6104845,0,524000,-524000,93000,388000,303000,85000,149000,141000,8000,-6535845
20150326,83925000,151775692,-67850692,10000,1021000,-1011000,5800000,1913000,387000,1526000,4368000,94000,4274000,-63061692
20150327,37270706,105498172,-68227466,10000,1306000,-1296000,2558000,1453000,258000,1195000,1555000,192000,1363000,-66965466
20150330,23894477,59020071,-35125594,542000,216000,326000,154000,504000,984000,-480000,782000,148000,634000,-34645594
20150331,26724000,45063404,-18339404,118000,199000,-81000,1408000,1209000,267000,942000,630000,164000,466000,-17012404
20150401,15318158,28778570,-13460412,25000,124000,-99000,-161000,1494000,421000,1073000,0,1234000,-1234000,-13720412
20150402,36344927,32384850,3960077,353000,302000,51000,-1722000,171000,461000,-290000,229000,1661000,-1432000,2289077
20150407,19688158,24877022,-5188864,8000,160000,-152000,-364000,121000,145000,-24000,32000,372000,-340000,-5704864
20150408,29336200,40987840,-11651640,11000,838000,-827000,698000,506000,74000,432000,549000,283000,266000,-11780640
20150409,27606535,34656070,-7049535,0,698000,-698000,14000,345000,566000,-221000,530000,295000,235000,-7733535
20150410,20179000,16422838,3756162,0,560000,-560000,-133000,238000,647000,-409000,619000,343000,276000,3063162
20150413,10105100,19487140,-9382040,418000,490000,-72000,-82000,268000,598000,-330000,508000,260000,248000,-9536040
20150414,10382200,33736911,-23354711,195000,643000,-448000,-8000,800000,2027000,-1227000,1361000,142000,1219000,-23810711
20150415,17248000,57579399,-40331399,135000,311000,-176000,3284000,2923000,512000,2411000,1008000,135000,873000,-37223399
20150416,37938000,26689294,11248706,130000,402000,-272000,979000,400000,529000,-129000,1526000,418000,1108000,11955706
20150417,30610073,66342568,-35732495,70000,2377000,-2307000,-1794000,632000,1692000,-1060000,305000,1039000,-734000,-39833495
20150420,26616387,35487426,-8871039,15000,449000,-434000,-382000,615000,290000,325000,171000,878000,-707000,-9687039
20150421,27845601,36217755,-8372154,0,296000,-296000,-258000,94000,326000,-232000,148000,174000,-26000,-8926154
20150422,30717485,30092716,624769,0,161000,-161000,-279000,526000,514000,12000,214000,505000,-291000,184769
20150423,34075300,18605367,15469933,573000,55000,518000,1288000,838000,252000,586000,815000,113000,702000,17275933
20150424,124714921,35897995,88816926,552000,784000,-232000,-1957000,968000,1354000,-386000,731000,2302000,-1571000,86627926
20150427,45362000,19687202,25674798,30000,681000,-651000,555000,334000,510000,-176000,964000,233000,731000,25578798
20150428,33593800,20360935,13232865,70000,360000,-290000,241990,288000,407000,-119000,743990,383000,360990,13184855
20150429,21081000,22746484,-1665484,93000,432000,-339000,2187000,1942000,285000,1657000,729000,199000,530000,182516
20150430,27266706,41756289,-14489583,55000,155000,-100000,56000,432000,710000,-278000,536000,202000,334000,-14533583
20150504,21464283,23882421,-2418138,310000,256000,54000,841010,273000,388000,-115000,1140010,184000,956010,-1523128
20150505,18641804,23984500,-5342696,128000,110000,18000,-562000,0,236000,-236000,141000,467000,-326000,-5886696
20150506,8723000,13512238,-4789238,21000,454000,-433000,492000,180000,123000,57000,634000,199000,435000,-4730238
20150507,13792873,15651882,-1859009,206000,9000,197000,255000,286000,55000,231000,280000,256000,24000,-1407009
20150508,13386224,13578282,-192058,37000,8000,29000,13000,172000,34000,138000,163000,288000,-125000,-150058
20150511,14995000,10535999,4459001,334000,577000,-243000,-214000,432000,340000,92000,102000,408000,-306000,4002001
20150512,20049175,21229345,-1180170,178000,121000,57000,632000,755000,30000,725000,124000,217000,-93000,-491170
20150513,14107227,12447722,1659505,349000,74000,275000,1066000,1213000,279000,934000,274000,142000,132000,3000505
20150514,27280000,31735333,-4455333,118000,18000,100000,129000,616000,169000,447000,199000,517000,-318000,-4226333
20150515,16085260,14001392,2083868,22000,267000,-245000,-1275000,170000,1336000,-1166000,139000,248000,-109000,563868
20150518,19046000,19986000,-940000,8000,561000,-553000,-289000,100000,414000,-314000,135000,110000,25000,-1782000
20150519,15650224,16543196,-892972,18000,487000,-469000,-1193000,425000,2075000,-1650000,608000,151000,457000,-2554972
20150520,20219507,20055300,164207,114000,637000,-523000,-613000,288000,868000,-580000,287000,320000,-33000,-971793
20150521,23861100,30468382,-6607282,15000,653000,-638000,-840000,564000,1518000,-954000,211000,97000,114000,-8085282
20150522,7810000,16478901,-8668901,10000,642000,-632000,-136000,182000,407000,-225000,191000,102000,89000,-9436901
20150525,7969000,7663000,306000,208000,727000,-519000,840000,956000,117000,839000,132000,131000,1000,627000
20150526,11033855,10157264,876591,37000,37000,0,-107006,38000,94000,-56000,247994,299000,-51006,769585
20150527,9514758,21429057,-11914299,10000,46000,-36000,398000,338000,395000,-57000,455000,0,455000,-11552299
20150528,28160894,26687365,1473529,40000,573000,-533000,-20000,254000,528000,-274000,536000,282000,254000,920529
20150529,52414254,59042367,-6628113,124000,187000,-63000,1367000,1296000,151000,1145000,273000,51000,222000,-5324113
20150601,9722200,26927000,-17204800,12000,93000,-81000,-128000,172000,785000,-613000,590000,105000,485000,-17413800
20150602,17119968,22967000,-5847032,4000,3339000,-3335000,-1410994,320000,1487000,-1167000,76006,320000,-243994,-10593026
20150603,20738000,21880009,-1142009,2000,1286000,-1284000,-2540000,50000,1568000,-1518000,14000,1036000,-1022000,-4966009
20150604,26405000,49248600,-22843600,17000,1179113,-1162113,210000,1195000,573000,622000,222000,634000,-412000,-23795713
20150605,16716522,30107553,-13391031,25000,755000,-730000,-406000,514000,514000,0,85000,491000,-406000,-14527031
20150608,11225000,39997642,-28772642,0,1174000,-1174000,382000,357000,91000,266000,995000,879000,116000,-29564642
20150609,16160557,24282048,-8121491,46000,141000,-95000,-850000,6000,324000,-318000,262000,794000,-532000,-9066491
20150610,15221770,29675000,-14453230,87000,47000,40000,-30000,531000,568000,-37000,158000,151000,7000,-14443230
20150611,28918300,30473400,-1555100,537000,75000,462000,-227000,262000,258000,4000,182000,413000,-231000,-1320100
20150612,17352462,26872000,-9519538,191000,225000,-34000,-570342,63000,197000,-134000,0,436342,-436342,-10123880
20150615,10187000,19490000,-9303000,25000,415000,-390000,88000,283000,0,283000,107000,302000,-195000,-9605000
20150616,13978254,24652649,-10674395,66000,278000,-212000,184000,565000,2000,563000,102000,481000,-379000,-10702395
20150617,20677000,27257782,-6580782,30000,62000,-32000,1052000,714000,5000,709000,859000,516000,343000,-5560782
20150618,14716719,25796653,-11079934,207000,350000,-143000,1832000,1705000,0,1705000,525000,398000,127000,-9390934
20150622,15033639,23364990,-8331351,211000,404000,-193000,1080000,862000,725000,137000,1089000,146000,943000,-7444351
20150623,23377000,21292990,2084010,732000,392000,340000,-181000,891000,1402000,-511000,845000,515000,330000,2243010
20150624,14502213,13146317,1355896,330000,410000,-80000,205000,229000,143000,86000,359000,240000,119000,1480896
20150625,36963451,17333000,19630451,241000,182000,59000,-515704,660000,1556000,-896000,1077296,697000,380296,19173747
20150626,19078572,7362172,11716400,118000,141000,-23000,4465704,3081000,15000,3066000,1794704,395000,1399704,16159104
20150629,9418300,28610832,-19192532,0,202000,-202000,-2565000,800000,2631000,-1831000,250000,984000,-734000,-21959532
20150630,26385037,26452350,-67313,280000,28000,252000,-971000,25000,677000,-652000,246000,565000,-319000,-786313
20150701,19874616,25562785,-5688169,181000,14000,167000,67000,302000,386000,-84000,399000,248000,151000,-5454169
20150702,19020804,19016020,4784,70000,411000,-341000,-524000,50000,306000,-256000,43000,311000,-268000,-860216
20150703,11356464,10153000,1203464,50000,0,50000,-990001,7000,250000,-243000,175999,923000,-747001,263463
20150706,10059808,16206000,-6146192,100000,450000,-350000,-416000,230000,536000,-306000,79000,189000,-110000,-6912192
20150707,19188000,21157872,-1969872,0,25000,-25000,-1233000,51000,1320000,-1269000,148000,112000,36000,-3227872
20150708,29196275,40712393,-11516118,273000,14000,259000,-568000,363000,305000,58000,36000,662000,-626000,-11825118
20150709,19733141,42000121,-22266980,58000,420000,-362000,-855000,422000,1494000,-1072000,1626000,1409000,217000,-23483980
20150713,21637497,28857700,-7220203,0,53000,-53000,921000,1681000,522000,1159000,124000,362000,-238000,-6352203
20150714,19793000,20616027,-823027,45000,0,45000,-1595000,582000,1635000,-1053000,50000,592000,-542000,-2373027
20150715,16553000,17664964,-1111964,628000,0,628000,-1338000,101000,358000,-257000,319000,1400000,-1081000,-1821964
20150716,17340181,26408586,-9068405,4000,636000,-632000,811000,788000,256000,532000,657000,378000,279000,-8889405
20150717,41110800,18237684,22873116,1078000,92000,986000,-2772000,140000,1539000,-1399000,86000,1459000,-1373000,21087116
20150720,22325637,15300189,7025448,507000,459000,48000,-733000,230000,556000,-326000,323000,730000,-407000,6340448
20150721,17024300,11670500,5353800,958000,0,958000,-876000,60000,729000,-669000,435000,642000,-207000,5435800
20150722,19472644,23334363,-3861719,478000,78000,400000,622000,545000,20000,525000,228000,131000,97000,-2839719
20150723,19530203,33732477,-14202274,412000,45000,367000,1416000,976000,40000,936000,618000,138000,480000,-12419274
20150724,26726477,30140772,-3414295,751000,122000,629000,-447000,0,274000,-274000,185000,358000,-173000,-3232295
20150727,17706298,36834500,-19128202,492000,55000,437000,118000,712000,928000,-216000,781000,447000,334000,-18573202
20150728,15122711,29502300,-14379589,796000,0,796000,2034000,1446000,210000,1236000,1004000,206000,798000,-11549589
20150729,27859000,20457535,7401465,338000,0,338000,-1007000,184000,1019000,-835000,168000,340000,-172000,6732465
20150730,32466894,20089000,12377894,507000,20000,487000,-1441000,37000,977000,-940000,267000,768000,-501000,11423894
20150731,35091163,28757565,6333598,314000,57000,257000,-1494000,118000,633000,-515000,129000,1108000,-979000,5096598
20150803,13876576,29292528,-15415952,644000,124000,520000,-858000,401000,630000,-229000,396000,1025000,-629000,-15753952
20150804,14911397,16644690,-1733293,431000,153000,278000,4188000,1101000,375000,726000,3773000,311000,3462000,2732707
20150805,12836475,26106134,-13269659,417000,222000,195000,2434000,1109000,0,1109000,1344000,19000,1325000,-10640659
20150806,26716000,27246181,-530181,368000,922000,-554000,365000,505000,343000,162000,492000,289000,203000,-719181
20150807,11091000,19211717,-8120717,435000,221000,214000,2000,445000,431000,14000,189000,201000,-12000,-7904717
20150810,22162700,29298340,-7135640,642000,1467000,-825000,1320000,1388000,869000,519000,1491000,690000,801000,-6640640
20150811,53677643,31395246,22282397,611000,637000,-26000,-4431000,125000,2502000,-2377000,218000,2272000,-2054000,17825397
20150812,23555200,33578700,-10023500,793000,39000,754000,432382,335000,565000,-230000,781000,118618,662382,-8837118
20150813,32148600,30277914,1870686,186000,395000,-209000,371000,367000,220000,147000,377000,153000,224000,2032686
20150814,23863000,28170600,-4307600,126000,1644000,-1518000,296000,578000,322000,256000,454000,414000,40000,-5529600
20150817,28081050,26370940,1710110,115000,414000,-299000,-149285,389000,585000,-196000,274000,227285,46715,1261825
20150818,36388300,28989501,7398799,83000,183000,-100000,-1728000,120000,1416000,-1296000,38000,470000,-432000,5570799
20150819,35134802,39887744,-4752942,18000,56000,-38000,-940000,143000,317000,-174000,26000,792000,-766000,-5730942
20150820,26758580,31295568,-4536988,16000,607000,-591000,1036000,990000,179000,811000,287000,62000,225000,-4091988
20150821,36675000,50353463,-13678463,0,335000,-335000,-1290000,286000,1383000,-1097000,272000,465000,-193000,-15303463
20150824,80809000,78241046,2567954,149000,144000,5000,-1280000,1284000,1062000,222000,924000,2426000,-1502000,1292954
20150825,78041821,57108184,20933637,1389270,120000,1269270,-2498000,264000,1706000,-1442000,773000,1829000,-1056000,19704907
20150826,42141700,52840344,-10698644,1118000,269000,849000,-741000,269000,338000,-69000,216000,888000,-672000,-10590644
20150827,36936753,39279687,-2342934,256000,5000,251000,-609000,378000,298000,80000,139000,828000,-689000,-2700934
20150828,27811500,28477230,-665730,307000,527000,-220000,-480000,349000,120000,229000,386000,1095000,-709000,-1365730
20150831,46606393,37332070,9274323,36000,422000,-386000,-2871000,130000,815000,-685000,303000,2489000,-2186000,6017323
20150901,23642728,33586278,-9943550,432000,446000,-14000,-1590444,428000,236000,192000,239000,2021444,-1782444,-11547994
20150902,27693740,21947302,5746438,1112000,58000,1054000,-153000,322000,51000,271000,344000,768000,-424000,6647438
20150903,19284000,12271400,7012600,312000,258000,54000,-1962000,52000,410000,-358000,137000,1741000,-1604000,5104600
20150904,15293757,15322798,-29041,26000,312000,-286000,-977000,50000,40000,10000,163000,1150000,-987000,-1292041
20150907,13570000,15114803,-1544803,196000,171000,25000,134000,280000,417000,-137000,934000,663000,271000,-1385803
20150908,7876000,9715855,-1839855,86000,225259,-139259,-545000,69000,14000,55000,28000,628000,-600000,-2524114
20150909,47760075,12927628,34832447,570000,279000,291000,399000,7000,297000,-290000,1000000,311000,689000,35522447
20150910,18004849,28680585,-10675736,0,443000,-443000,1509000,494000,30000,464000,1128000,83000,1045000,-9609736
20150911,18896798,13716884,5179914,170000,463000,-293000,366000,70000,95000,-25000,519000,128000,391000,5252914
20150914,15589000,14093067,1495933,462683,48000,414683,141000,453000,105000,348000,109000,316000,-207000,2051616
20150915,14867700,18265108,-3397408,46000,9000,37000,901000,125000,11000,114000,841000,54000,787000,-2459408
20150916,39518500,18853997,20664503,817000,187000,630000,255000,302000,200000,102000,857000,704000,153000,21549503
20150917,45345188,26726095,18619093,289940,0,289940,500000,387000,83000,304000,281000,85000,196000,19409033
20150918,29242202,22036138,7206064,108000,1962000,-1854000,559000,386000,40000,346000,264000,51000,213000,5911064
20150921,27867523,28991795,-1124272,94000,179000,-85000,99000,917000,405000,512000,29000,442000,-413000,-1110272
20150922,14996398,13509510,1486888,11166,324000,-312834,262000,508000,2000,506000,82000,326000,-244000,1436054
20150923,10133000,31216785,-21083785,0,0,0,737000,886000,210000,676000,242000,181000,61000,-20346785
20150924,36569000,29918366,6650634,880000,335000,545000,-1343000,143000,695000,-552000,87000,878000,-791000,5852634
20150925,19006964,18352849,654115,202000,0,202000,81000,5000,337000,-332000,734000,321000,413000,937115
20150930,69728743,50366790,19361953,1124000,0,1124000,-1130999,21000,1254000,-1233000,684001,582000,102001,19354954
20151001,44345114,25379585,18965529,740000,445000,295000,-565000,183000,582000,-399000,652000,818000,-166000,18695529
20151002,18658200,19372741,-714541,338000,122000,216000,271000,273000,0,273000,260000,262000,-2000,-227541
20151005,20216290,21817201,-1600911,153000,579623,-426623,31000,66000,0,66000,79000,114000,-35000,-1996534
20151006,35680930,32947810,2733120,806000,4000,802000,19000,1000,75000,-74000,191000,98000,93000,3554120
20151007,29286974,8578100,20708874,200000,0,200000,-404000,106000,300000,-194000,110000,320000,-210000,20504874
20151008,24934473,11084864,13849609,436000,16000,420000,2000,142000,85000,57000,176000,231000,-55000,14271609
20151012,38877777,28356522,10521255,1376000,63000,1313000,500000,60000,0,60000,568000,128000,440000,12334255
20151013,28472025,20577338,7894687,157000,81000,76000,898000,150000,6000,144000,879000,125000,754000,8868687
20151014,54056000,59214316,-5158316,490000,680804,-190804,383000,283000,0,283000,247000,147000,100000,-4966120
20151015,56819000,33750891,23068109,756000,0,756000,795000,374000,229000,145000,1119000,469000,650000,24619109
20151016,21831755,24172410,-2340655,406000,97000,309000,804000,456000,289000,167000,927000,290000,637000,-1227655
20151019,22381245,13819298,8561947,895000,0,895000,-223000,0,1000,-1000,130000,352000,-222000,9233947
20151020,25793504,11650661,14142843,646000,0,646000,-378000,0,47000,-47000,140000,471000,-331000,14410843
20151021,16797758,7996158,8801600,118000,150000,-32000,-174000,52000,193000,-141000,544000,577000,-33000,8595600
20151022,13196112,10519063,2677049,250000,60000,190000,-337382,39000,155000,-116000,69000,290382,-221382,2529667
20151023,31085142,13107038,17978104,232000,374000,-142000,-437000,282000,520000,-238000,112000,311000,-199000,17399104
20151026,19503000,9874092,9628908,115000,70000,45000,-563000,126000,679000,-553000,74000,84000,-10000,9110908
20151027,20013261,14024292,5988969,9000,0,9000,-32000,60000,107000,-47000,184000,169000,15000,5965969
20151028,12236000,14546264,-2310264,92000,18000,74000,738000,348000,0,348000,450000,60000,390000,-1498264
20151029,13326194,15634061,-2307867,128000,7000,121000,198000,224000,12000,212000,256000,270000,-14000,-1988867
20151030,22928721,22883641,45080,128000,2000,126000,245000,91000,100000,-9000,411000,157000,254000,416080
20151102,17712375,12894000,4818375,110000,71000,39000,407000,155000,118000,37000,479000,109000,370000,5264375
20151103,33766575,14585989,19180586,359000,0,359000,-624000,64000,730000,-666000,386000,344000,42000,18915586
20151104,63673200,12871281,50801919,912000,51000,861000,-285000,345000,939000,-594000,904000,595000,309000,51377919
20151105,30608035,25317293,5290742,253000,140000,113000,372000,93000,30000,63000,375000,66000,309000,5775742
20151106,32504000,40105713,-7601713,72000,204000,-132000,387000,590000,440000,150000,620000,383000,237000,-7346713
20151109,20822666,12623477,8199189,387000,23000,364000,-657000,10000,605000,-595000,132000,194000,-62000,7906189
20151110,10533000,18190255,-7657255,286000,186000,100000,489000,144000,163000,-19000,586000,78000,508000,-7068255
20151111,13887865,23125556,-9237691,436000,30000,406000,73000,497000,160000,337000,399000,663000,-264000,-8758691
20151112,12857000,12100508,756492,27000,13000,14000,-237000,29000,230000,-201000,103000,139000,-36000,533492
20151113,13444697,20829933,-7385236,116000,40000,76000,55000,143000,105000,38000,304000,287000,17000,-7254236
20151116,12632000,24868487,-12236487,50000,216000,-166000,615000,331000,28000,303000,422000,110000,312000,-11787487
20151117,15532353,11004916,4527437,548000,200000,348000,-721000,155000,269000,-114000,165000,772000,-607000,4154437
20151118,18065813,23714818,-5649005,140000,0,140000,275000,611000,182000,429000,123000,277000,-154000,-5234005
20151119,20487000,13524603,6962397,142000,229000,-87000,-243801,145000,196000,-51000,72199,265000,-192801,6631596
20151120,17971147,11445483,6525664,215000,186000,29000,-419000,0,121000,-121000,43000,341000,-298000,6135664
20151123,18560549,15092000,3468549,39000,134000,-95000,-148199,28000,242000,-214000,163801,98000,65801,3225350
20151124,17750186,16850700,899486,0,90000,-90000,-378000,16000,70000,-54000,123000,447000,-324000,431486
20151125,31614870,28571322,3043548,218000,0,218000,-13996,10000,69000,-59000,251004,206000,45004,3247552
20151126,29917714,19602302,10315412,87000,460000,-373000,147000,230000,170000,60000,459000,372000,87000,10089412
20151127,16923000,24497734,-7574734,75000,455000,-380000,142996,70000,90000,-20000,467000,304004,162996,-7811738
20151130,82738653,103882058,-21143405,103000,0,103000,1064000,206000,29000,177000,1117000,230000,887000,-19976405
20151201,42848830,25868593,16980237,20000,127000,-107000,-173000,436000,13000,423000,255000,851000,-596000,16700237
20151202,26293500,18771445,7522055,42000,404000,-362000,-293000,276000,100000,176000,14000,483000,-469000,6867055
20151203,24045573,22616565,1429008,28000,406000,-378000,274000,88000,0,88000,256000,70000,186000,1325008
20151204,18645038,28901752,-10256714,46000,187000,-141000,748000,432000,3000,429000,525000,206000,319000,-9649714
20151207,30317000,14168334,16148666,1307000,90000,1217000,-393000,160000,535000,-375000,353000,371000,-18000,16972666
20151208,22703000,28742699,-6039699,991000,67000,924000,137000,102000,172000,-70000,636000,429000,207000,-4978699
20151209,19230160,27432702,-8202542,50000,108000,-58000,207500,70000,112000,-42000,575000,325500,249500,-8053042
20151210,25680000,35976950,-10296950,277000,21000,256000,641000,416000,293000,123000,778000,260000,518000,-9399950
20151211,19289364,26349019,-7059655,536000,62000,474000,-326500,37000,34000,3000,280000,609500,-329500,-6912155
20151214,29735438,31099169,-1363731,815000,196397,618603,-26000,153000,256000,-103000,438000,361000,77000,-771128
20151215,19357320,21190871,-1833551,281000,159000,122000,2182,149000,152000,-3000,204000,198818,5182,-1709369
20151216,55585335,16388112,39197223,227000,598000,-371000,-1233000,738000,972000,-234000,258000,1257000,-999000,37593223
20151217,31395461,15306900,16088561,342000,444000,-102000,-134000,82000,36000,46000,109000,289000,-180000,15852561
20151218,36544048,31020199,5523849,311000,235000,76000,340818,292000,95000,197000,395000,251182,143818,5940667
20151221,16853296,21072959,-4219663,261000,210000,51000,1685000,218000,126000,92000,1715000,122000,1593000,-2483663
20151222,12907693,10603767,2303926,11000,119000,-108000,-154000,64000,366000,-302000,410000,262000,148000,2041926
20151223,13086585,10003404,3083181,91000,130000,-39000,-186004,36000,26000,10000,375996,572000,-196004,2858177
20151224,11284825,6842943,4441882,10000,252000,-242000,-370000,102000,56000,46000,361000,777000,-416000,3829882
20151225,5370000,2526000,2844000,38000,61000,-23000,-48000,17000,18000,-1000,112000,159000,-47000,2773000
20151228,8675000,4484000,4191000,253000,62000,191000,245000,181000,55000,126000,415000,296000,119000,4627000
20151229,8029000,8961674,-932674,154000,260000,-106000,898000,47000,25000,22000,1066000,190000,876000,-140674
20151230,10851319,10342243,509076,240000,168000,72000,83995,181000,22000,159000,389995,465000,-75005,665071
20151231,13245091,11839856,1405235,1126000,180000,946000,-34991,360000,92000,268000,11000,313991,-302991,2316244
20160104,17380120,37919486,-20539366,959000,553000,406000,1657000,1231000,276000,955000,877000,175000,702000,-18476366
20160105,19885677,25850410,-5964733,118000,438000,-320000,1082000,985000,421000,564000,804000,286000,518000,-5202733
20160106,20734555,36825835,-16091280,52000,607000,-555000,43000,716000,580000,136000,269000,362000,-93000,-16603280
20160107,25788517,43744530,-17956013,5000,851284,-846284,2059000,2446000,588000,1858000,1457000,1256000,201000,-16743297
20160108,40046801,41026810,-980009,139000,258000,-119000,-198000,538000,759000,-221000,1514000,1491000,23000,-1297009
20160111,35535653,38794100,-3258447,109000,327000,-218000,-1519000,777000,1905000,-1128000,822000,1213000,-391000,-4995447
20160112,20320000,27791305,-7471305,56000,9000,47000,-390000,1138000,818000,320000,494000,1204000,-710000,-7814305
20160113,41387908,34786132,6601776,94000,531000,-437000,-1831000,365000,756000,-391000,267000,1707000,-1440000,4333776
20160114,21530485,25666361,-4135876,0,200000,-200000,-778000,910000,831000,79000,233000,1090000,-857000,-5113876
20160115,61989516,37200259,24789257,2162000,365000,1797000,-1612000,2057000,1523000,534000,119000,2265000,-2146000,24974257
20160118,27082522,27259352,-176830,2162000,194000,1968000,930000,365000,108000,257000,904000,231000,673000,2721170
20160119,16008886,15625712,383174,319000,190000,129000,258000,300000,11000,289000,829000,860000,-31000,770174
20160120,28751564,32804538,-4052974,525000,350000,175000,-912000,1095000,786000,309000,1141000,2362000,-1221000,-4789974
20160121,24203859,23722401,481458,318000,292000,26000,-1554000,655000,647000,8000,558000,2120000,-1562000,-1046542
20160122,28518000,17966718,10551282,307000,0,307000,-1709000,245000,1269000,-1024000,359000,1044000,-685000,9149282
20160125,22272334,15120411,7151923,93000,707000,-614000,224160,108000,306000,-198000,796000,373840,422160,6762083
20160126,16131853,18724770,-2592917,741000,0,741000,269627,214000,153000,61000,658000,449373,208627,-1582290
20160127,20707551,16477972,4229579,257000,50000,207000,-1240000,14000,188000,-174000,52000,1118000,-1066000,3196579
20160128,30654000,19920646,10733354,410000,918000,-508000,428151,229000,74000,155000,1541151,1268000,273151,10653505
20160129,51040805,31185040,19855765,51000,327000,-276000,596004,395000,257000,138000,1365004,907000,458004,20175769
20160130,4913000,679000,4234000,215000,182000,33000,1438000,272000,108000,164000,1282000,8000,1274000,5705000
20160201,40191053,12998258,27192795,29000,0,29000,-768000,112000,591000,-479000,655000,944000,-289000,26453795
20160202,19342438,16905709,2436729,37000,1000,36000,1185058,104000,20000,84000,1774058,673000,1101058,3657787
20160203,64246323,30797644,33448679,30000,17000,13000,-1411000,22000,287000,-265000,379000,1525000,-1146000,32050679
20160215,62699214,61724560,974654,134000,15560,118440,448000,519000,366000,153000,1385000,1090000,295000,1541094
20160216,47880409,30875527,17004882,20000,212000,-192000,616500,290000,274000,16000,1224500,624000,600500,17429382
20160217,30486127,16405117,14081010,87000,93000,-6000,1802500,69000,898000,-829000,3297500,666000,2631500,15877510
20160218,54796244,19365226,35431018,120000,34000,86000,-595000,0,259000,-259000,514000,850000,-336000,34922018
20160219,32997886,22250130,10747756,71000,92000,-21000,841000,213000,35000,178000,985000,322000,663000,11567756
20160222,24721000,10019603,14701397,45000,60000,-15000,-280000,46000,1062000,-1016000,1310000,574000,736000,14406397
20160223,15344966,13550638,1794328,66000,126000,-60000,462000,16000,127000,-111000,669000,96000,573000,2196328
20160224,15040456,13886075,1154381,0,96000,-96000,83000,220000,291000,-71000,524000,370000,154000,1141381
20160225,23302824,8709617,14593207,54000,25000,29000,-644000,54000,50000,4000,396000,1044000,-648000,13978207
20160226,35157000,29642676,5514324,207000,605000,-398000,2541000,1490000,0,1490000,1156000,105000,1051000,7657324
20160301,37320874,28884621,8436253,316000,155000,161000,-320000,40000,14000,26000,162000,508000,-346000,8277253
20160302,28723421,14352634,14370787,858000,69000,789000,7000,212000,75000,137000,161000,291000,-130000,15166787
20160303,26475700,10117098,16358602,0,64000,-64000,-1118000,32000,300000,-268000,45000,895000,-850000,15176602
20160304,28781473,29045767,-264294,0,401000,-401000,1405000,210000,210000,0,1624000,219000,1405000,739706
20160307,19263501,19286165,-22664,296000,202000,94000,141000,69000,204000,-135000,498000,222000,276000,212336
20160308,32456008,25931608,6524400,99000,240000,-141000,889000,457000,230000,227000,902000,240000,662000,7272400
20160309,22674673,10467734,12206939,6000,375000,-369000,-625000,68000,191000,-123000,359000,861000,-502000,11212939
20160310,28878000,14777460,14100540,316000,303000,13000,-1327000,45000,557000,-512000,177000,992000,-815000,12786540
20160311,28609809,13517925,15091884,238000,69000,169000,-424652,157000,331000,-174000,274000,524652,-250652,14836232
20160314,25996500,7425708,18570792,12000,387000,-375000,100000,315000,140000,175000,569000,644000,-75000,18295792
20160315,22319182,15151714,7167468,20000,406000,-386000,440000,159000,663000,-504000,1166000,222000,944000,7221468
20160316,27655000,13982942,13672058,50000,236000,-186000,285000,283000,328000,-45000,731000,401000,330000,13771058
20160317,47350200,16559630,30790570,0,380000,-380000,-2228000,121000,1917000,-1796000,467000,899000,-432000,28182570
20160318,54811811,28581118,26230693,255000,369000,-114000,-539000,23000,161000,-138000,82000,483000,-401000,25577693
20160321,24319770,11718217,12601553,5000,261000,-256000,313000,0,55000,-55000,519000,151000,368000,12658553
20160322,22180313,17766609,4413704,0,93000,-93000,770000,764000,187000,577000,571000,378000,193000,5090704
20160323,28104285,17220283,10884002,0,369000,-369000,-907000,30000,54000,-24000,25000,908000,-883000,9608002
20160324,18573027,13070900,5502127,36000,634000,-598000,986000,178000,410000,-232000,1399000,181000,1218000,5890127
20160325,4722000,3271400,1450600,0,371000,-371000,449000,61000,10000,51000,654000,256000,398000,1528600
20160328,12433800,4609992,7823808,9000,624000,-615000,-690000,96000,20000,76000,51000,817000,-766000,6518808
20160329,14197000,8619625,5577375,120000,687000,-567000,-1489000,0,1037000,-1037000,141000,593000,-452000,3521375
20160330,35832900,21020482,14812418,664000,449000,215000,211000,380000,68000,312000,757000,858000,-101000,15238418
20160331,41492403,33505495,7986908,694000,67000,627000,596000,1019000,482000,537000,1684000,1625000,59000,9209908
20160401,19877400,25597956,-5720556,219000,196000,23000,1494615,230000,178000,52000,1762615,320000,1442615,-4202941
20160406,37550532,52901435,-15350903,67000,244000,-177000,3732385,2767000,42000,2725000,1123000,115615,1007385,-11795518
20160407,20230763,24427006,-4196243,86000,272000,-186000,-2289000,339000,1582000,-1243000,299000,1345000,-1046000,-6671243
20160408,24520357,24994153,-473796,41000,354000,-313000,-2464000,188000,772000,-584000,91000,1971000,-1880000,-3250796
20160411,10481540,14826460,-4344920,0,258000,-258000,-279000,282000,716000,-434000,451000,296000,155000,-4881920
20160412,8169000,10349730,-2180730,163000,5000,158000,-122000,123000,528000,-405000,474000,191000,283000,-2144730
20160413,35651965,13007237,22644728,54000,521000,-467000,-874000,392000,595000,-203000,461000,1132000,-671000,21303728
20160414,23668000,16530644,7137356,50000,191000,-141000,1876000,170000,93000,77000,2104000,305000,1799000,8872356
20160415,29775765,33341602,-3565837,20000,1082260,-1062260,126000,857000,472000,385000,724000,983000,-259000,-4502097
20160418,12035763,17226255,-5190492,39000,346740,-307740,274000,43000,665000,-622000,955000,59000,896000,-5224232
20160419,14285345,18852495,-4567150,118000,275000,-157000,27000,393000,471000,-78000,1206000,1101000,105000,-4697150
20160420,21775950,32411531,-10635581,84000,708000,-624000,421999,373000,410000,-37000,1134000,675001,458999,-10837582
20160421,24344548,13177684,11166864,125000,298000,-173000,-1184000,50000,245000,-195000,207000,1196000,-989000,9809864
20160422,25069020,17596365,7472655,16000,102000,-86000,-2240749,55000,259000,-204000,300000,2336749,-2036749,5145906
20160425,11925989,9734929,2191060,4000,261000,-257000,59000,60000,223000,-163000,423000,201000,222000,1993060
20160426,16169923,14880741,1289182,158000,143000,15000,363000,44000,77000,-33000,474000,78000,396000,1667182
20160427,28004068,34663138,-6659070,255000,41000,214000,2868000,1449000,168000,1281000,1674000,87000,1587000,-3577070
20160428,25386476,41684100,-16297624,18000,291000,-273000,1452000,807000,760000,47000,2145000,740000,1405000,-15118624
20160429,37765618,66262467,-28496849,0,1187000,-1187000,2040000,1379000,111000,1268000,1120000,348000,772000,-27643849
20160503,16652487,63959515,-47307028,7000,380000,-373000,2474000,2046000,206000,1840000,989000,355000,634000,-45206028
20160504,23512540,50354331,-26841791,10000,165000,-155000,1010000,1045000,37000,1008000,404000,402000,2000,-25986791
20160505,23891785,37758202,-13866417,127000,53000,74000,1451000,1437000,98000,1339000,307000,195000,112000,-12341417
20160506,30192917,36329176,-6136259,11000,19000,-8000,123000,270000,202000,68000,337000,282000,55000,-6021259
20160509,24509300,34812293,-10302993,145000,0,145000,-905000,61000,1018000,-957000,258000,206000,52000,-11062993
20160510,27595804,36472619,-8876815,124107,0,124107,444000,692000,708000,-16000,570000,110000,460000,-8308708
20160511,23622636,40207253,-16584617,461938,40000,421938,-156000,688000,493000,195000,355000,706000,-351000,-16318679
20160512,12719000,19946830,-7227830,54000,200000,-146000,-712000,81000,573000,-492000,180000,400000,-220000,-8085830
20160513,21174000,54670407,-33496407,329000,9000,320000,934000,1306000,328000,978000,384000,428000,-44000,-32242407
20160516,16222000,25969619,-9747619,616000,67000,549000,-77000,595000,244000,351000,66000,494000,-428000,-9275619
20160517,18839000,26699348,-7860348,610000,50000,560000,-13000,883000,391000,492000,161000,666000,-505000,-7313348
20160518,20789723,26726267,-5936544,100000,27000,73000,440000,1069000,348000,721000,212000,493000,-281000,-5423544
20160519,23100500,30080147,-6979647,321000,44000,277000,-1132000,263000,512000,-249000,84000,967000,-883000,-7834647
20160520,30213084,24041335,6171749,351000,68000,283000,-3769000,564000,2759000,-2195000,7000,1581000,-1574000,2685749
20160523,37929199,24540718,13388481,2867000,12000,2855000,48000,909000,805000,104000,168000,224000,-56000,16291481
20160524,14396247,19903515,-5507268,86000,358000,-272000,781000,392000,56000,336000,586000,141000,445000,-4998268
20160525,32483997,20121100,12362897,681000,71000,610000,-1023000,86000,770000,-684000,97000,436000,-339000,11949897
20160526,17094000,13006800,4087200,158000,33000,125000,-313000,4000,158000,-154000,76000,235000,-159000,3899200
20160527,23274300,17518735,5755565,331000,0,331000,-243000,130000,170000,-40000,291000,494000,-203000,5843565
20160530,33433000,14788341,18644659,0,87000,-87000,353000,588000,481000,107000,565000,319000,246000,18910659
20160531,63495525,54960929,8534596,123000,177985,-54985,-27000,298000,864000,-566000,1145000,606000,539000,8452611
20160601,25491427,12479399,13012028,18000,63000,-45000,-620000,140000,450000,-310000,194000,504000,-310000,12347028
20160602,20064416,13207744,6856672,90000,130000,-40000,-447000,74000,270000,-196000,150000,401000,-251000,6369672
20160603,29889000,12909821,16979179,78000,249000,-171000,-289000,80000,291000,-211000,66000,144000,-78000,16519179
20160604,820300,68000,752300,189000,897000,-708000,646000,44000,0,44000,605000,3000,602000,690300
20160606,25582500,14280829,11301671,195000,300000,-105000,72000,200000,47000,153000,614000,695000,-81000,11268671
20160607,42228155,24398499,17829656,168000,149534,18466,536000,716000,55000,661000,446000,571000,-125000,18384122
20160608,38003430,18869025,19134405,171000,288000,-117000,-54000,573000,295000,278000,285000,617000,-332000,18963405
20160613,40653262,49534120,-8880858,59000,485000,-426000,1842000,1028000,287000,741000,1241000,140000,1101000,-7464858
20160614,20536962,16903800,3633162,37000,490000,-453000,1950000,1489000,232000,1257000,1023000,330000,693000,5130162
20160615,23694422,18542311,5152111,25000,11000,14000,1996000,1383000,37000,1346000,1277000,627000,650000,7162111
20160616,22402608,33055951,-10653343,0,258000,-258000,1960000,2066000,245000,1821000,691000,552000,139000,-8951343
20160617,27269959,19594378,7675581,3000,311552,-308552,-306250,1120000,433000,687000,610000,1603250,-993250,7060779
20160620,16588000,16953788,-365788,124000,49000,75000,2249240,2014000,36000,1978000,946240,675000,271240,1958452
20160621,22304264,10639240,11665024,5000,14000,-9000,555000,1392000,320000,1072000,767000,1284000,-517000,12211024
20160622,23227081,18900658,4326423,45000,50000,-5000,2583000,1902000,284000,1618000,2141000,1176000,965000,6904423
20160623,14661844,12834634,1827210,25000,40000,-15000,2898000,2423000,31000,2392000,1065000,559000,506000,4710210
20160624,25966394,65301916,-39335522,60000,740000,-680000,9460000,7535000,1059000,6476000,3878000,894000,2984000,-30555522
20160627,22744968,16441103,6303865,645000,170000,475000,-5051000,315000,2276000,-1961000,204000,3294000,-3090000,1727865
20160628,27700980,14021531,13679449,346000,124000,222000,-1615000,39000,961000,-922000,252000,945000,-693000,12286449
20160629,24805803,9817128,14988675,196000,146000,50000,-1454000,117000,916000,-799000,29000,684000,-655000,13584675
20160630,38911000,13716140,25194860,100000,126000,-26000,-2767000,50000,2097000,-2047000,243000,963000,-720000,22401860
20160701,31893180,8607417,23285763,20000,149000,-129000,-1686000,263000,1006000,-743000,22000,965000,-943000,21470763
20160704,21834493,9455705,12378788,103000,286000,-183000,-985000,6000,195000,-189000,276000,1072000,-796000,11210788
20160705,11148224,9044653,2103571,44000,929000,-885000,231000,0,152000,-152000,541000,158000,383000,1449571
20160706,16246178,27589757,-11343579,22000,711000,-689000,1252000,442000,55000,387000,1322000,457000,865000,-10780579
20160707,14505000,8718208,5786792,46000,215000,-169000,-1663000,75000,516000,-441000,145000,1367000,-1222000,3954792
20160711,47277438,21126360,26151078,144000,463000,-319000,-5609000,31000,5577000,-5546000,748000,811000,-63000,20223078
20160712,34332800,18233356,16099444,275000,252000,23000,-627000,13000,649000,-636000,408000,399000,9000,15495444
20160713,31722000,44799151,-13077151,101000,820000,-719000,1429000,772000,451000,321000,1271000,163000,1108000,-12367151
20160714,31153055,22841188,8311867,202000,615000,-413000,-2820000,120000,2254000,-2134000,380000,1066000,-686000,5078867
20160715,30446034,27588997,2857037,6522,1094000,-1087478,587000,769000,225000,544000,496000,453000,43000,2356559
20160718,21340350,15219367,6120983,57000,655000,-598000,394000,426000,91000,335000,399000,340000,59000,5916983
20160719,40614000,30694014,9919986,235000,1030026,-795026,-87000,252000,562000,-310000,265000,42000,223000,9037960
20160720,36384798,23358822,13025976,240000,211778,28222,-880000,546000,1189000,-643000,243000,480000,-237000,12174198
20160721,31531859,19791781,11740078,9000,623275,-614275,137000,533000,400000,133000,168000,164000,4000,11262803
20160722,26222100,20479050,5743050,400000,576000,-176000,-1407000,169000,604000,-435000,103000,1075000,-972000,4160050
20160725,19083712,14611139,4472573,998000,125000,873000,-124000,289000,588000,-299000,350000,175000,175000,5221573
20160726,28454000,18930751,9523249,342000,408000,-66000,-19000,0,0,0,197000,216000,-19000,9438249
20160727,30901000,13082000,17819000,4000,83000,-79000,-451000,25000,206000,-181000,297000,567000,-270000,17289000
20160728,28000740,17140500,10860240,295039,55000,240039,-1166000,4000,869000,-865000,190000,491000,-301000,9934279
20160729,19460572,22171100,-2710528,59542,318000,-258458,1368000,651000,119000,532000,1296000,460000,836000,-1600986
20160801,31465680,17177350,14288330,272000,50000,222000,-3047995,193000,2220000,-2027000,62005,1083000,-1020995,11462335
20160802,12022408,11269265,753143,0,609000,-609000,456995,81000,51000,30000,549995,123000,426995,601138
20160803,8386377,18406242,-10019865,78000,240000,-162000,1717000,493000,177000,316000,1418000,17000,1401000,-8464865
20160804,11306582,9392386,1914196,136000,268686,-132686,-763000,20000,173000,-153000,126000,736000,-610000,1018510
20160805,22046585,9004704,13041881,0,361000,-361000,-2658002,134000,1630000,-1496000,134998,1297000,-1162002,10022879
20160808,12057250,9536476,2520774,195000,137000,58000,-510000,22000,229000,-207000,123000,426000,-303000,2068774
20160809,13851000,8604888,5246112,346000,254000,92000,-1136433,113000,605000,-492000,45567,690000,-644433,4201679
20160810,16631055,14296365,2334690,110000,279000,-169000,108000,180000,142000,38000,221000,151000,70000,2273690
20160811,15187002,23647410,-8460408,94000,464000,-370000,760435,110000,174000,-64000,979435,155000,824435,-8069973
20160812,22438500,16360311,6078189,19000,263000,-244000,-1019000,84000,434000,-350000,68000,737000,-669000,4815189
20160815,12101571,7480199,4621372,0,113000,-113000,-330000,35000,105000,-70000,71000,331000,-260000,4178372
20160816,20886324,30458203,-9571879,46000,343000,-297000,2026000,1168000,185000,983000,1107000,64000,1043000,-7842879
20160817,20856545,13935934,6920611,0,554000,-554000,-2411000,21000,1347000,-1326000,58000,1143000,-1085000,3955611
20160818,18911026,16393560,2517466,0,385000,-385000,738000,202000,185000,17000,784000,63000,721000,2870466
20160819,15963111,16865063,-901952,0,974000,-974000,-642000,214000,543000,-329000,157000,470000,-313000,-2517952
20160822,11631800,17992214,-6360414,6000,121000,-115000,959000,346000,172000,174000,873000,88000,785000,-5516414
20160823,18945305,15690984,3254321,0,419000,-419000,-702000,100000,82000,18000,166000,886000,-720000,2133321
20160824,9767462,9594643,172819,22000,170000,-148000,-303000,245000,454000,-209000,87000,181000,-94000,-278181
20160825,20326200,10970611,9355589,99000,244000,-145000,-285000,245000,385000,-140000,288000,433000,-145000,8925589
20160826,13625227,13178039,447188,26000,455000,-429000,908000,390000,23000,367000,602000,61000,541000,926188
20160829,11932200,14124774,-2192574,0,83000,-83000,97000,247000,541000,-294000,567000,176000,391000,-2178574
20160830,10924426,18307073,-7382647,178000,421000,-243000,1581000,803000,133000,670000,953000,42000,911000,-6044647
20160831,40856462,32390659,8465803,79683,125000,-45317,-2932000,86000,1364000,-1278000,140000,1794000,-1654000,5488486
20160901,14319291,22894591,-8575300,623902,155000,468902,704000,922000,823000,99000,811000,206000,605000,-7402398
20160902,16370730,14161640,2209090,8000,70000,-62000,-598000,177000,260000,-83000,107000,622000,-515000,1549090
20160905,25908000,17930000,7978000,197000,47000,150000,114000,444000,237000,207000,38000,131000,-93000,8242000
20160906,24051362,17068034,6983328,47000,20000,27000,-717000,365000,412000,-47000,86000,756000,-670000,6293328
20160907,32346400,25070806,7275594,635000,434000,201000,57578,1042000,106000,936000,137578,1016000,-878422,7534172
20160908,21571400,20575979,995421,123000,244000,-121000,521000,787000,155000,632000,200000,311000,-111000,1395421
20160909,16483037,26986096,-10503059,40000,97000,-57000,1943422,1584000,124000,1460000,554000,70578,483422,-8616637
20160910,168000,8603800,-8435800,50000,120000,-70000,-1997274,504000,1235000,-731000,234000,1500274,-1266274,-10503074
20160912,16791309,38867194,-22075885,24000,331000,-307000,2127274,1290000,171000,1119000,1085000,76726,1008274,-20255611
20160913,24167000,32967412,-8800412,2000,69483,-67483,876000,584000,331000,253000,734000,111000,623000,-7991895
20160914,31136480,50379189,-19242709,319000,38000,281000,306000,533000,774000,-241000,572000,25000,547000,-18655709
20160919,43490039,24171843,19318196,366000,75000,291000,-2538510,232000,1924000,-1692000,65490,912000,-846510,17070686
20160920,17623339,13471087,4152252,127000,254000,-127000,591510,1338000,174000,1164000,37510,610000,-572490,4616762
20160921,22452572,16487633,5964939,181000,23000,158000,-1626000,138000,1190000,-1052000,119000,693000,-574000,4496939
20160922,17174230,8344831,8829399,701000,293000,408000,-645000,205000,534000,-329000,88000,404000,-316000,8592399
20160923,20031389,13092453,6938936,5000,84000,-79000,-333000,108000,473000,-365000,296000,264000,32000,6526936
20160926,13914593,20479924,-6565331,62000,299000,-237000,1276000,1445000,783000,662000,730000,116000,614000,-5526331
20160929,53547830,38287337,15260493,87000,58000,29000,-1045000,317000,1526000,-1209000,245000,81000,164000,14244493
20160930,30956276,34425079,-3468803,1002946,58000,944946,580500,1352000,1159000,193000,563000,175500,387500,-1943357
20161003,15869542,10372951,5496591,317000,206000,111000,-527000,388000,932000,-544000,121000,104000,17000,5080591
20161004,15083354,12448545,2634809,16000,215000,-199000,312000,315000,160000,155000,249000,92000,157000,2747809
20161005,13491046,11909838,1581208,0,606000,-606000,1054000,942000,1211000,-269000,1360000,37000,1323000,2029208
20161006,12355858,10266128,2089730,191000,72000,119000,-335000,261000,591000,-330000,115000,120000,-5000,1873730
20161007,11069861,7490894,3578967,252000,163000,89000,-873000,204000,524000,-320000,112000,665000,-553000,2794967
20161011,17690458,20489691,-2799233,476000,312000,164000,232000,1564000,1354000,210000,418000,396000,22000,-2403233
20161012,18930000,17146464,1783536,59000,296000,-237000,591500,429000,835000,-406000,1086500,89000,997500,2138036
20161013,20560070,35677402,-15117332,139000,225000,-86000,3345000,2885000,987000,1898000,1568000,121000,1447000,-11858332
20161014,10948500,20966790,-10018290,61000,516000,-455000,-1631000,309000,1916000,-1607000,547000,571000,-24000,-12104290
20161017,26162522,29964304,-3801782,42000,64000,-22000,395000,613000,1418000,-805000,1412000,212000,1200000,-3428782
20161018,32774416,34732703,-1958287,336000,110000,226000,1100000,610000,252000,358000,789000,47000,742000,-632287
20161019,33114257,24072254,9042003,165000,122000,43000,-926000,732000,421000,311000,108000,1345000,-1237000,8159003
20161020,13170000,7322295,5847705,672000,354000,318000,-934000,205000,192000,13000,21000,968000,-947000,5231705
20161021,15000237,16121730,-1121493,169000,264000,-95000,1430500,1410000,783000,627000,1252500,449000,803500,214007
20161024,12006971,9301265,2705706,304000,18000,286000,-473000,36000,85000,-49000,149000,573000,-424000,2518706
20161025,16028552,10637170,5391382,123000,536000,-413000,-562500,276000,400000,-124000,224500,663000,-438500,4415882
20161026,16771179,22713346,-5942167,101000,110000,-9000,1077000,500000,75000,425000,684000,32000,652000,-4874167
20161027,10161575,25184684,-15023109,186144,112000,74144,3039000,1028000,25000,1003000,2093000,57000,2036000,-11909965
20161028,27566142,28205900,-639758,177000,57000,120000,-950000,392000,942000,-550000,377000,777000,-400000,-1469758
20161031,16954800,20964975,-4010175,39000,26300,12700,-85000,585000,418000,167000,1165000,1417000,-252000,-4082475
20161101,11223423,11286517,-63094,0,50524,-50524,1108830,239000,50000,189000,1121830,202000,919830,995212
20161102,4866348,13126148,-8259800,369000,11994,357006,630000,471000,75000,396000,318000,84000,234000,-7272794
20161103,10791504,19976720,-9185216,37000,249000,-212000,854170,725000,324000,401000,552000,98830,453170,-8543046
20161104,7645500,12390589,-4745089,175500,369000,-193500,-156000,227000,366000,-139000,155000,172000,-17000,-5094589
20161107,11770557,12253724,-483167,235000,124000,111000,-1583000,583000,129000,454000,99000,2136000,-2037000,-1955167
20161108,9322625,10753405,-1430780,91000,228000,-137000,1070000,1008000,116000,892000,394000,216000,178000,-497780
20161109,12791271,42661493,-29870222,263000,410000,-147000,1041000,1925000,1494000,431000,1653000,1043000,610000,-28976222
20161110,23691240,27893442,-4202202,299000,30000,269000,2352000,1586000,273000,1313000,1181000,142000,1039000,-1581202
20161111,28291759,59824694,-31532935,602000,378000,224000,-196000,818000,484000,334000,181000,711000,-530000,-31504935
20161114,12802253,42513345,-29711092,40000,203874,-163874,2092000,1402000,311000,1091000,1211000,210000,1001000,-27782966
20161115,12993701,25813534,-12819833,282000,69133,212867,-959000,724000,895000,-171000,109000,897000,-788000,-13565966
20161116,16755249,28332493,-11577244,526000,269000,257000,1204000,1959000,891000,1068000,350000,214000,136000,-10116244
20161117,15029331,19920000,-4890669,100840,96000,4840,-187000,320000,661000,-341000,307000,153000,154000,-5072829
20161118,12349000,22150528,-9801528,55000,100000,-45000,979000,729000,445000,284000,721000,26000,695000,-8867528
20161121,6997437,13747433,-6749996,63000,247000,-184000,470000,406000,211000,195000,312000,37000,275000,-6463996
20161122,22619296,17363779,5255517,85000,95000,-10000,504000,1818000,1501000,317000,429000,242000,187000,5749517
20161123,18574656,14343424,4231232,85000,635000,-550000,-548000,250000,312000,-62000,99000,585000,-486000,3133232
20161124,8888851,17098707,-8209856,93000,28000,65000,1258999,1157000,127000,1030000,421999,193000,228999,-6885857
20161125,5327997,7873892,-2545895,0,7000,-7000,1579000,660000,172000,488000,1098000,7000,1091000,-973895
20161128,18708764,17363217,1345547,69000,315000,-246000,-674790,261000,1172000,-911000,403000,166790,236210,424757
20161129,21349605,22897409,-1547804,30000,457000,-427000,499178,1448000,1071000,377000,614000,491822,122178,-1475626
20161130,49964177,51331199,-1367022,12000,205000,-193000,-332000,240000,616000,-376000,182000,138000,44000,-1892022
20161201,9694431,12160587,-2466156,99222,109000,-9778,733000,857000,353000,504000,252000,23000,229000,-1742934
20161202,10624000,47846209,-37222209,162000,643000,-481000,324000,802000,193000,609000,83000,368000,-285000,-37379209
20161205,16161273,27905436,-11744163,59000,69000,-10000,-691000,38000,954000,-916000,333000,108000,225000,-12445163
20161206,24382300,14245888,10136412,122000,263411,-141411,-589000,71000,446000,-375000,94000,308000,-214000,9406001
20161207,8134436,12210006,-4075570,54000,64000,-10000,349000,599000,307000,292000,135000,78000,57000,-3736570
20161208,22227358,10792200,11435158,61000,26000,35000,-1973000,185000,1500000,-1315000,4000,662000,-658000,9497158
20161209,22357184,14501249,7855935,156000,0,156000,-941000,36000,603000,-567000,23000,397000,-374000,7070935
20161212,13138798,13349571,-210773,18000,48000,-30000,170000,747000,400000,347000,389000,566000,-177000,-70773
20161213,22694972,19383113,3311859,48000,37000,11000,-638000,55000,255000,-200000,15000,453000,-438000,2684859
20161214,15064316,8245137,6819179,110000,110000,0,-1188000,120000,582000,-462000,10000,736000,-726000,5631179
20161215,20100041,18903660,1196381,5000,25000,-20000,-215000,382000,212000,170000,136000,521000,-385000,961381
20161216,30832526,31481725,-649199,0,207799,-207799,143000,976000,1140000,-164000,347000,40000,307000,-713998
20161219,10974499,12599219,-1624720,177000,24000,153000,1189000,1370000,389000,981000,263000,55000,208000,-282720
20161220,8372357,16325823,-7953466,12000,686000,-674000,2256000,899000,205000,694000,1573000,11000,1562000,-6371466
20161221,14443185,30654409,-16211224,168000,55000,113000,4330000,3041000,137000,2904000,1445000,19000,1426000,-11768224
20161222,8084776,22064545,-13979769,7000,146000,-139000,1243000,756000,300000,456000,933000,146000,787000,-12875769
20161223,8042156,21946633,-13904477,0,26000,-26000,508000,410000,294000,116000,404000,12000,392000,-13422477
20161226,1451300,4558000,-3106700,200000,10000,190000,366000,181000,60000,121000,337000,92000,245000,-2550700
20161227,3379163,5748000,-2368837,368000,72000,296000,-30000,3000,72000,-69000,90000,51000,39000,-2102837
20161228,15468487,11558005,3910482,258000,268000,-10000,270822,253000,200000,53000,293822,76000,217822,4171304
20161229,13839595,17833523,-3993928,127000,298000,-171000,530000,702000,526000,176000,366000,12000,354000,-3634928
20161230,21615291,14405462,7209829,70000,152000,-82000,1229835,877000,343000,534000,997000,301165,695835,8357664
20170103,15250137,15198000,52137,0,90000,-90000,-1193000,79000,996000,-917000,75000,351000,-276000,-1230863
20170104,13410312,17516549,-4106237,29000,14000,15000,-115000,487000,678000,-191000,279000,203000,76000,-4206237
20170105,14805339,13005582,1799757,59000,596000,-537000,301000,317000,195000,122000,294000,115000,179000,1563757
20170106,16411089,12533500,3877589,71000,26000,45000,-196000,293000,459000,-166000,114000,144000,-30000,3726589
20170109,12377038,9003601,3373437,7000,0,7000,-971000,213000,1199000,-986000,212000,197000,15000,2409437
20170110,15283665,11820600,3463065,51000,381000,-330000,-845000,390000,1364000,-974000,293000,164000,129000,2288065
20170111,17225634,26100359,-8874725,6000,56000,-50000,1535165,1522000,139000,1383000,343000,190835,152165,-7389560
20170112,41493382,29487279,12006103,406000,1453000,-1047000,-1945000,34000,1273000,-1239000,459000,1165000,-706000,9014103
20170113,30143551,42482278,-12338727,418000,1169000,-751000,-745000,404000,964000,-560000,327000,512000,-185000,-13834727
20170116,9565460,26066541,-16501081,70000,860000,-790000,358000,903000,245000,658000,101000,401000,-300000,-16933081
20170117,8265298,8602017,-336719,70000,117000,-47000,-452765,15000,502000,-487000,115000,80765,34235,-836484
20170118,17252200,18508900,-1256700,162000,86000,76000,-858000,610000,57000,553000,60000,1471000,-1411000,-2038700
20170119,17925753,20216801,-2291048,25000,238000,-213000,-412000,23000,294000,-271000,30000,171000,-141000,-2916048
20170120,39708055,31765516,7942539,95000,155000,-60000,-425000,10000,306000,-296000,208000,337000,-129000,7457539
20170123,56537129,34081973,22455156,199172,41000,158172,-1970095,161000,1216000,-1055000,58905,974000,-915095,20643233
20170124,69525353,39078259,30447094,10000,0,10000,-1344905,285000,1178000,-893000,32095,484000,-451905,29112189
20170202,140928799,120772502,20156297,39000,62000,-23000,-1465000,1820000,2229000,-409000,118000,1174000,-1056000,18668297
20170203,24221564,26568623,-2347059,313000,24000,289000,260000,636000,201000,435000,37000,212000,-175000,-1798059
20170206,23841460,22388854,1452606,9000,505000,-496000,369000,628000,160000,468000,44000,143000,-99000,1325606
20170207,15291643,16152003,-860360,367000,715000,-348000,5000,293000,474000,-181000,190000,4000,186000,-1203360
20170208,28127765,43471748,-15343983,146000,462400,-316400,1037000,799000,230000,569000,623000,155000,468000,-14623383
20170209,17189783,17927522,-737739,515000,217000,298000,-941000,80000,413000,-333000,137000,745000,-608000,-1380739
20170210,39055429,45050575,-5995146,596000,72000,524000,224000,363000,185000,178000,173000,127000,46000,-5247146
20170213,12499284,11758290,740994,348000,147000,201000,-564000,990000,925000,65000,10000,639000,-629000,377994
20170214,32215772,34505851,-2290079,0,82000,-82000,1541000,1925000,577000,1348000,472000,279000,193000,-831079
20170215,34390793,21544858,12845935,80000,64000,16000,-2640000,307000,1567000,-1260000,83000,1463000,-1380000,10221935
20170216,20717254,15335344,5381910,7000,148000,-141000,-952000,618000,852000,-234000,14000,732000,-718000,4288910
20170217,16332000,10885337,5446663,13000,1059000,-1046000,-91000,333000,380000,-47000,22000,66000,-44000,4309663
20170218,2000000,5000,1995000,32000,192000,-160000,-90000,80000,85000,-5000,48000,133000,-85000,1745000
20170220,11330787,6465000,4865787,11000,287000,-276000,-177000,180000,180000,0,61000,238000,-177000,4412787
20170221,28238000,12497095,15740905,69000,198000,-129000,225000,764000,487000,277000,23000,75000,-52000,15836905
20170222,20323229,13592487,6730742,36000,298000,-262000,365000,828000,354000,474000,140000,249000,-109000,6833742
20170223,30978480,16364809,14613671,62000,161000,-99000,610000,644000,147000,497000,175000,62000,113000,15124671
20170224,24078585,19667117,4411468,7000,87000,-80000,-378000,150000,681000,-531000,237000,84000,153000,3953468
20170301,39381913,42763739,-3381826,4000,62000,-58000,774000,908000,210000,698000,267000,191000,76000,-2665826
20170302,29799123,21246502,8552621,19000,10000,9000,289500,562000,533000,29000,363500,103000,260500,8851121
20170303,14458899,22445684,-7986785,12000,480000,-468000,716000,311000,8000,303000,422000,9000,413000,-7738785
20170306,5656098,9542509,-3886411,31000,406000,-375000,591000,100000,15000,85000,513000,7000,506000,-3670411
20170307,15860622,19427877,-3567255,1525000,251000,1274000,-21000,43000,57000,-14000,132000,139000,-7000,-2314255
20170308,33770373,28210626,5559747,122000,628000,-506000,-1202000,10000,658000,-648000,159000,713000,-554000,3851747
20170309,20155389,26518299,-6362910,0,320000,-320000,784500,356000,27000,329000,526000,70500,455500,-5898410
20170310,14608806,22940751,-8331945,22000,94000,-72000,558888,177000,143000,34000,530888,6000,524888,-7845057
20170313,9185938,4831265,4354673,12000,148000,-136000,-528000,185000,481000,-296000,225000,457000,-232000,3690673
20170314,21980737,15446446,6534291,0,342000,-342000,-895000,298000,649000,-351000,31000,575000,-544000,5297291
20170315,11799183,10155324,1643859,342000,361000,-19000,-278000,95000,240000,-145000,85000,218000,-133000,1346859
20170316,27550474,8500623,19049851,233000,28000,205000,-410000,311000,558000,-247000,154000,317000,-163000,18844851
20170317,36747524,22186612,14560912,78100,66000,12100,-262732,77000,188000,-111000,313268,465000,-151732,14310280
20170320,14654000,10082893,4571107,19000,150000,-131000,-298000,111000,255000,-144000,57000,211000,-154000,4142107
20170321,29214736,10698685,18516051,455000,134000,321000,-1852000,113000,1354000,-1241000,440000,1051000,-611000,16985051
20170322,21290742,20210619,1080123,126000,275000,-149000,871000,502000,131000,371000,766000,266000,500000,1802123
20170323,13963941,13418800,545141,90000,128000,-38000,1255000,704000,0,704000,649000,98000,551000,1762141
20170324,13835161,11543000,2292161,74000,162000,-88000,332000,203000,98000,105000,247000,20000,227000,2536161
20170327,27420490,13674700,13745790,26000,366000,-340000,-1041000,0,174000,-174000,17000,884000,-867000,12364790
20170328,35603000,14853988,20749012,20000,302000,-282000,-1423000,231000,832000,-601000,496000,1318000,-822000,19044012
20170329,21226186,16051098,5175088,434040,40000,394040,2426000,871000,164000,707000,1773000,54000,1719000,7995128
20170330,26375600,11801592,14574008,15597,438000,-422403,60000,146000,615000,-469000,572000,43000,529000,14211605
20170331,20971806,19808860,1162946,33369,122000,-88631,1337000,427000,125000,302000,1743000,708000,1035000,2411315
20170405,41011475,25761090,15250385,163122,142000,21122,133000,1096000,798000,298000,377000,542000,-165000,15404507
20170406,14533566,11367000,3166566,34000,421000,-387000,-160000,77000,10000,67000,16000,243000,-227000,2619566
20170407,10468183,12014328,-1546145,74000,306000,-232000,-616000,766000,1605000,-839000,393000,170000,223000,-2394145
20170410,12613451,15089280,-2475829,31000,59000,-28000,116000,77000,22000,55000,79000,18000,61000,-2387829
20170411,7001711,7208669,-206958,25000,110000,-85000,-445000,60000,123000,-63000,230000,612000,-382000,-736958
20170412,12328903,11543037,785866,208000,91000,117000,-71000,21000,160000,-139000,136000,68000,68000,831866
20170413,8737954,7580701,1157253,202000,167000,35000,-253000,171000,905000,-734000,624000,143000,481000,939253
20170414,7041000,20324690,-13283690,40000,491000,-451000,755000,701000,230000,471000,701000,417000,284000,-12979690
20170417,3362000,13532000,-10170000,10000,680000,-670000,228000,85000,35000,50000,231000,53000,178000,-10612000
20170418,19727000,24006949,-4279949,0,79000,-79000,279000,438000,186000,252000,349000,322000,27000,-4079949
20170419,11752216,28228279,-16476063,11119,82000,-70881,104000,344000,327000,17000,546000,459000,87000,-16442944
20170420,27159741,30210049,-3050308,83000,47000,36000,-68000,83000,170000,-87000,325000,306000,19000,-3082308
20170421,17471856,13699309,3772547,276000,118000,158000,-176000,20000,360000,-340000,237000,73000,164000,3754547
20170424,24960019,17699021,7260998,219000,38000,181000,802000,348000,212000,136000,782000,116000,666000,8243998
20170425,26230739,14959667,11271072,102000,74417,27583,695000,308000,55000,253000,523000,81000,442000,11993655
20170426,25876361,13565129,12311232,46000,71000,-25000,612000,219000,138000,81000,712000,181000,531000,12898232
20170427,30702055,21701773,9000282,9000,16000,-7000,-2396000,73000,552000,-479000,508000,2425000,-1917000,6597282
20170428,36748377,19395270,17353107,0,68000,-68000,-1750000,78000,469000,-391000,5000,1364000,-1359000,15535107
20170502,39300759,20879399,18421360,254000,719000,-465000,-164000,360000,501000,-141000,527000,550000,-23000,17792360
20170503,26306539,9775172,16531367,0,5000,-5000,-660000,35000,221000,-186000,14000,488000,-474000,15866367
20170504,14538869,10232444,4306425,1000000,119088,880912,247000,235000,44000,191000,189000,133000,56000,5434337
20170505,10450443,9976219,474224,17825,53000,-35175,-332000,150000,320000,-170000,21000,183000,-162000,107049
20170508,21556319,11319933,10236386,83000,567000,-484000,-31000,234000,187000,47000,178000,256000,-78000,9721386
20170509,23012885,15651431,7361454,265000,394000,-129000,-2807006,112000,1349000,-1237000,186000,1756006,-1570006,4425448
20170510,17617154,15148181,2468973,200000,151000,49000,638000,96000,74000,22000,821000,205000,616000,3155973
20170511,29510891,18863095,10647796,277000,122000,155000,376000,404000,238000,166000,426000,216000,210000,11178796
20170512,11931730,11954000,-22270,0,369000,-369000,573000,537000,0,537000,138000,102000,36000,181730
20170515,12745409,15064622,-2319213,1017000,188000,829000,265000,151000,110000,41000,278000,54000,224000,-1225213
20170516,25089584,25950200,-860616,2990000,186000,2804000,-39000,157000,249000,-92000,174000,121000,53000,1904384
20170517,14934156,12208972,2725184,91000,81000,10000,-1482000,109000,1537000,-1428000,277000,331000,-54000,1253184
20170518,15657068,16371160,-714092,0,125000,-125000,40000,324000,100000,224000,107000,291000,-184000,-799092
20170519,13310143,10796568,2513575,6000,63000,-57000,110000,202000,102000,100000,49000,39000,10000,2566575
20170522,14966063,12569459,2396604,65000,54000,11000,77000,141000,211000,-70000,260000,113000,147000,2484604
20170523,18470540,15024752,3445788,0,309000,-309000,552000,270000,15000,255000,513000,216000,297000,3688788
20170524,15916625,16018830,-102205,30000,181000,-151000,317000,15000,14000,1000,401000,85000,316000,63795
20170525,24063336,17199799,6863537,0,96000,-96000,210000,293000,19000,274000,222000,286000,-64000,6977537
20170526,29679801,28109376,1570425,42000,214000,-172000,211000,326000,410000,-84000,405000,110000,295000,1609425
20170531,54945390,64515367,-9569977,0,108000,-108000,2659000,1266000,100000,1166000,1561000,68000,1493000,-7018977
20170601,26851574,20021340,6830234,0,218000,-218000,-1373000,25000,1361000,-1336000,69000,106000,-37000,5239234
20170602,21356600,12291718,9064882,68000,131000,-63000,-454000,24000,453000,-429000,106000,131000,-25000,8547882
20170603,57000,4000,53000,70000,315000,-245000,290210,163000,7000,156000,232210,98000,134210,98210
20170605,19279050,9741202,9537848,0,728000,-728000,-740010,320000,839000,-519000,375990,597000,-221010,8069838
20170606,11597360,9700168,1897192,0,628000,-628000,49808,517000,256000,261000,117000,328192,-211192,1319000
20170607,28279000,23202200,5076800,439000,249000,190000,256000,708000,712000,-4000,680000,420000,260000,5522800
20170608,18587531,9656706,8930825,246000,357000,-111000,-882000,361000,731000,-370000,69000,581000,-512000,7937825
20170609,24401400,28686762,-4285362,170000,159000,11000,677000,641000,497000,144000,1142000,609000,533000,-3597362
20170612,19380138,59215833,-39835695,196000,173000,23000,4287000,2927000,74000,2853000,1726000,292000,1434000,-35525695
20170613,20127100,41729533,-21602433,13000,148000,-135000,2183000,973000,176000,797000,1612000,226000,1386000,-19554433
20170614,16973000,32116540,-15143540,318000,8000,310000,-511000,626000,855000,-229000,678000,960000,-282000,-15344540
20170615,14674000,13342106,1331894,6000,674000,-668000,-194000,245000,357000,-112000,435000,517000,-82000,469894
20170616,18311438,19328964,-1017526,916000,25000,891000,1174000,1795000,1060000,735000,1085000,646000,439000,1047474
20170619,11374346,11388947,-14601,34000,406000,-372000,656000,879000,205000,674000,285000,303000,-18000,269399
20170620,11732963,12934000,-1201037,150000,217536,-67536,-1738000,488000,1450000,-962000,206000,982000,-776000,-3006573
20170621,24663283,33414561,-8751278,77000,167000,-90000,5337000,4562000,443000,4119000,1849000,631000,1218000,-3504278
20170622,14078112,13534952,543160,276000,54000,222000,3330000,3000000,77000,2923000,551000,144000,407000,4095160
20170623,10471352,24960897,-14489545,125000,79000,46000,7123000,3534000,42000,3492000,3673000,42000,3631000,-7320545
20170626,33549576,19005025,14544551,72000,66000,6000,-7205000,492000,3062000,-2570000,66000,4701000,-4635000,7345551
20170627,16257858,31801000,-15543142,0,183000,-183000,3209000,2222000,176000,2046000,1543000,380000,1163000,-12517142
20170628,25723019,39639173,-13916154,8000,266456,-258456,128000,1300000,684000,616000,142000,630000,-488000,-14046610
20170629,17014385,18352575,-1338190,0,120000,-120000,-895000,78000,863000,-785000,111000,221000,-110000,-2353190
20170630,18204862,23555842,-5350980,58000,86000,-28000,-354000,264000,615000,-351000,121000,124000,-3000,-5732980
20170703,15397545,15087641,309904,20000,570000,-550000,714000,124000,129000,-5000,777000,58000,719000,473904
20170704,11939700,18906637,-6966937,10000,380000,-370000,-241000,236000,493000,-257000,142000,126000,16000,-7577937
20170705,10788275,19111080,-8322805,218000,137000,81000,2155000,2103000,402000,1701000,549000,95000,454000,-6086805
20170706,6654154,12139857,-5485703,128000,327000,-199000,-390000,336000,310000,26000,39000,455000,-416000,-6074703
20170707,7057870,16569513,-9511643,98000,989000,-891000,-525000,160000,583000,-423000,451000,553000,-102000,-10927643
20170710,4255165,10625518,-6370353,14000,105000,-91000,884000,111000,153000,-42000,945000,19000,926000,-5577353
20170711,25276364,17264042,8012322,135000,85000,50000,-2358000,556000,1969000,-1413000,363000,1308000,-945000,5704322
20170712,11621201,20782861,-9161660,596000,121673,474327,25000,895000,626000,269000,159000,403000,-244000,-8662333
20170713,30065482,25251896,4813586,646000,108000,538000,-1313000,640000,2148000,-1508000,762000,567000,195000,4038586
20170714,9312311,14945757,-5633446,172000,94000,78000,271000,1033000,465000,568000,154000,451000,-297000,-5284446
20170717,11192000,9399000,1793000,73962,266000,-192038,215000,1070000,544000,526000,151000,462000,-311000,1815962
20170718,11315895,7397414,3918481,84000,732000,-648000,-1044000,152000,882000,-730000,7000,321000,-314000,2226481
20170719,10563311,9393000,1170311,410000,85000,325000,-468000,372000,985000,-613000,381000,236000,145000,1027311
20170720,13388528,11428769,1959759,88000,414000,-326000,-330000,70000,285000,-215000,2000,117000,-115000,1303759
20170721,4413919,9359650,-4945731,53000,22000,31000,60000,310000,227000,83000,25000,48000,-23000,-4854731
20170724,13079065,16874506,-3795441,12000,147000,-135000,-95000,10000,90000,-80000,24000,39000,-15000,-4025441
20170725,7980948,10771498,-2790550,11000,372000,-361000,-781000,30000,706000,-676000,6000,111000,-105000,-3932550
20170726,8153097,12028890,-3875793,2000,440000,-438000,-241000,757000,1132000,-375000,205000,71000,134000,-4554793
20170727,19613000,11182586,8430414,36000,280000,-244000,-500000,97000,666000,-569000,304000,235000,69000,7686414
20170728,9071042,18759712,-9688670,39000,151000,-112000,-375000,49000,271000,-222000,23000,176000,-153000,-10175670
20170731,13551700,16031311,-2479611,45000,241000,-196000,147000,131000,80000,51000,306000,210000,96000,-2528611
20170801,8852878,14616708,-5763830,256000,299000,-43000,1121000,342000,40000,302000,878000,59000,819000,-4685830
20170802,22680665,11261683,11418982,284000,307000,-23000,-1520000,161000,1194000,-1033000,13000,500000,-487000,9875982
20170803,13077103,24277820,-11200717,186000,51000,135000,503000,514000,189000,325000,212000,34000,178000,-10562717
20170804,8787460,20141303,-11353843,181000,161000,20000,73000,27000,127000,-100000,189000,16000,173000,-11260843
20170807,12090684,10749799,1340885,76000,18000,58000,-1313000,0,611000,-611000,109000,811000,-702000,85885
20170808,15745639,11325000,4420639,109000,65000,44000,-2048000,80000,1208000,-1128000,5000,925000,-920000,2416639
20170809,9556600,24720624,-15164024,390000,226000,164000,449000,818000,849000,-31000,605000,125000,480000,-14551024
20170810,11123768,22549805,-11426037,4000,357000,-353000,194000,368000,358000,10000,214000,30000,184000,-11585037
20170811,8992340,37437116,-28444776,15000,425000,-410000,2418000,899000,380000,519000,2050000,151000,1899000,-26436776
20170814,11833980,20815284,-8981304,3000,129000,-126000,-1158000,313000,1262000,-949000,105000,314000,-209000,-10265304
20170815,8767235,8049890,717345,104000,195000,-91000,-2042000,19000,1577000,-1558000,5000,489000,-484000,-1415655
20170816,17072235,21339597,-4267362,72000,31000,41000,122000,867000,638000,229000,225000,332000,-107000,-4104362
20170817,7191960,4717990,2473970,2000,69000,-67000,-336000,15000,123000,-108000,22000,250000,-228000,2070970
20170818,6255000,12742641,-6487641,60000,38000,22000,804000,409000,116000,293000,641000,130000,511000,-5661641
20170821,6864000,11977917,-5113917,17000,84000,-67000,305000,53000,139000,-86000,418000,27000,391000,-4875917
20170822,15548996,11182583,4366413,240000,38000,202000,154000,100000,0,100000,63000,9000,54000,4722413
20170823,8483081,4107248,4375833,35000,119000,-84000,-2549000,142000,1942000,-1800000,1000,750000,-749000,1742833
20170824,13280261,6017116,7263145,53000,67000,-14000,-346000,207000,207000,0,5000,351000,-346000,6903145
20170825,9514000,3050600,6463400,56000,30000,26000,-583000,85000,317000,-232000,0,351000,-351000,5906400
20170828,13522988,12120198,1402790,11000,203000,-192000,158000,217000,8000,209000,19000,70000,-51000,1368790
20170829,14504117,13007629,1496488,55000,104000,-49000,-391000,0,50000,-50000,0,341000,-341000,1056488
20170830,18475648,9192157,9283491,23000,91000,-68000,-1360000,270000,1225000,-955000,3000,408000,-405000,7855491
20170831,22354502,22388873,-34371,16000,7000,9000,1146000,1393000,288000,1105000,293000,252000,41000,1120629
20170901,10078345,10560821,-482476,146000,152000,-6000,-249000,359000,617000,-258000,234000,225000,9000,-737476
20170904,7854307,7700769,153538,0,7000,-7000,-739000,43000,511000,-468000,35000,306000,-271000,-592462
20170905,27510696,27317928,192768,12000,55000,-43000,-1390000,1000,669000,-668000,2000,724000,-722000,-1240232
20170906,21554955,21168209,386746,4000,298000,-294000,-2523115,1000,1660000,-1659000,0,864115,-864115,-2430369
20170907,11501000,15511000,-4010000,243000,143000,100000,-54000,103000,72000,31000,55000,140000,-85000,-3964000
20170908,17601112,14748303,2852809,136000,335000,-199000,-258000,152000,569000,-417000,183000,24000,159000,2395809
20170911,13889938,14198022,-308084,43000,65000,-22000,-64000,154000,167000,-13000,119000,170000,-51000,-394084
20170912,21868995,13884150,7984845,494000,166000,328000,-192000,16000,238000,-222000,105000,75000,30000,8120845
20170913,12585008,13943479,-1358471,41000,144000,-103000,-979000,28000,674000,-646000,71000,404000,-333000,-2440471
20170914,19493378,15457197,4036181,307000,85000,222000,-235000,260000,329000,-69000,9000,175000,-166000,4023181
20170915,42612510,47532087,-4919577,380000,146000,234000,277000,303000,139000,164000,147000,34000,113000,-4408577
20170918,14341765,7694492,6647273,340000,825000,-485000,93000,446000,370000,76000,82000,65000,17000,6255273
20170919,18343095,12639362,5703733,455000,578000,-123000,-1163000,509000,785000,-276000,1000,888000,-887000,4417733
20170920,20338281,17496544,2841737,80000,315000,-235000,-1174000,216000,774000,-558000,125000,741000,-616000,1432737
20170921,13519497,13560616,-41119,413000,358000,55000,228000,557000,207000,350000,167000,289000,-122000,241881
20170922,16991257,18077867,-1086610,100000,114000,-14000,277000,627000,305000,322000,107000,152000,-45000,-823610
20170925,9051282,12425015,-3373733,99000,426346,-327346,-289000,135000,447000,-312000,103000,80000,23000,-3990079
20170926,12123255,20255515,-8132260,785000,226000,559000,283000,796000,601000,195000,142000,54000,88000,-7290260
20170927,19223196,21510216,-2287020,46000,132000,-86000,-330000,295000,714000,-419000,155000,66000,89000,-2703020
20170928,18470671,28049368,-9578697,0,513000,-513000,1012000,387000,236000,151000,866000,5000,861000,-9079697
20170929,22490754,13500021,8990733,90000,259000,-169000,-1779000,138000,1366000,-1228000,23000,574000,-551000,7042733
20170930,126000,1000,125000,135000,195000,-60000,9000,158000,0,158000,154000,303000,-149000,74000
20171002,16421040,9503500,6917540,70000,133000,-63000,-88000,205000,312000,-107000,66000,47000,19000,6766540
20171003,18703760,14791000,3912760,298110,485000,-186890,-1383000,243000,835000,-592000,11000,802000,-791000,2342870
20171005,15806407,11156938,4649469,15000,81000,-66000,-623000,74000,398000,-324000,20000,319000,-299000,3960469
20171006,8490662,6225328,2265334,31000,397000,-366000,-348000,119000,54000,65000,2000,415000,-413000,1551334
20171011,49130859,33021556,16109303,126000,131000,-5000,-2249000,481000,1253000,-772000,302000,1779000,-1477000,13855303
20171012,34956278,19026432,15929846,215000,625000,-410000,-982000,220000,376000,-156000,352000,1178000,-826000,14537846
20171013,15743730,12984248,2759482,80000,319000,-239000,541000,746000,63000,683000,312000,454000,-142000,3061482
20171016,16343000,14165235,2177765,222000,345000,-123000,375000,96000,32000,64000,336000,25000,311000,2429765
20171017,11397443,14279534,-2882091,124000,319000,-195000,767000,642000,27000,615000,158000,6000,152000,-2310091
20171018,22730428,18125761,4604667,41000,324000,-283000,1993000,1918000,345000,1573000,511000,91000,420000,6314667
20171019,16712469,12206392,4506077,36000,479000,-443000,128000,302000,527000,-225000,421000,68000,353000,4191077
20171020,18390928,17553631,837297,295000,128000,167000,415000,367000,275000,92000,429000,106000,323000,1419297
20171023,10685768,8974000,1711768,1970000,49000,1921000,-288000,30000,243000,-213000,83000,158000,-75000,3344768
20171024,12496048,13073311,-577263,124000,374000,-250000,-90000,0,53000,-53000,88000,125000,-37000,-917263
20171025,12723400,11283794,1439606,336000,86000,250000,-76000,10000,42000,-32000,1000,45000,-44000,1613606
20171026,8029567,10129742,-2100175,0,34000,-34000,-87000,67000,134000,-67000,58000,78000,-20000,-2221175
20171027,14146557,7854787,6291770,820000,58000,762000,-426000,115000,320000,-205000,89000,310000,-221000,6627770
20171030,24259500,19762454,4497046,189000,363000,-174000,-25000,447000,77000,370000,45000,440000,-395000,4298046
20171031,17210542,18052795,-842253,152000,283000,-131000,-795000,211000,921000,-710000,197000,282000,-85000,-1768253
20171101,8733881,13579135,-4845254,106000,59000,47000,1177000,366000,106000,260000,981000,64000,917000,-3621254
20171102,10877500,11247855,-370355,17000,272848,-255848,-430000,36000,568000,-532000,152000,50000,102000,-1056203
20171103,10606111,15285148,-4679037,19000,83000,-64000,681000,82000,176000,-94000,793000,18000,775000,-4062037
20171106,15687918,14773100,914818,18000,7000,11000,-1179000,194000,1529000,-1335000,416000,260000,156000,-253182
20171107,18869380,8926999,9942381,234000,27000,207000,-258000,110000,94000,16000,71000,345000,-274000,9891381
20171108,8624274,11967487,-3343213,82000,42000,40000,568000,591000,0,591000,32000,55000,-23000,-2735213
20171109,14903010,16726724,-1823714,134000,134000,0,172000,317000,235000,82000,113000,23000,90000,-1651714
20171110,11532500,11246571,285929,155000,28000,127000,-622000,162000,298000,-136000,68000,554000,-486000,-209071
20171113,6978000,8170384,-1192384,56000,32000,24000,-266000,171000,159000,12000,13000,291000,-278000,-1434384
20171114,12515000,14347296,-1832296,19000,130000,-111000,216000,77000,29000,48000,182000,14000,168000,-1727296
20171115,15227000,25215528,-9988528,177000,29000,148000,-672000,133000,616000,-483000,16000,205000,-189000,-10512528
20171116,14600085,9716929,4883156,93000,165000,-72000,48000,75000,48000,27000,50000,29000,21000,4859156
20171117,16856342,12194921,4661421,0,51000,-51000,494000,150000,70000,80000,424000,10000,414000,5104421
20171120,14976427,17418809,-2442382,5000,1000,4000,116000,67000,46000,21000,120000,25000,95000,-2322382
20171121,20366569,16847583,3518986,63000,66000,-3000,-12000,40000,68000,-28000,54000,38000,16000,3503986
20171122,23866694,21006264,2860430,153000,139000,14000,-306000,100000,377000,-277000,38000,67000,-29000,2568430
20171123,7620870,7839381,-218511,426000,75000,351000,-145000,10000,98000,-88000,0,57000,-57000,-12511
20171124,9723613,7381000,2342613,248000,14000,234000,-385000,32000,79000,-47000,16000,354000,-338000,2191613
20171127,7148389,24521889,-17373500,0,338000,-338000,-87000,194000,490000,-296000,223000,14000,209000,-17798500
20171128,15738700,40364074,-24625374,136000,488000,-352000,1472000,593000,113000,480000,1009000,17000,992000,-23505374
20171129,13063133,22883979,-9820846,16000,381000,-365000,352000,21000,150000,-129000,703000,222000,481000,-9833846
20171130,60625087,100409305,-39784218,43000,639000,-596000,-95000,968000,714000,254000,307000,656000,-349000,-40475218
20171201,14694678,23853704,-9159026,290000,161000,129000,-955000,161000,723000,-562000,51000,444000,-393000,-9985026
20171204,15323153,17312256,-1989103,214000,189000,25000,-435000,49000,402000,-353000,204000,286000,-82000,-2399103
20171205,12301413,25616327,-13314914,126000,220000,-94000,10000,260000,132000,128000,100000,218000,-118000,-13398914
20171206,11578328,27453406,-15875078,65000,58000,7000,-468000,223000,446000,-223000,239000,484000,-245000,-16336078
20171207,16461310,31943911,-15482601,30000,421000,-391000,143000,606000,435000,171000,387000,415000,-28000,-15730601
20171208,21526433,33069035,-11542602,4000,181000,-177000,8000,155000,520000,-365000,428000,55000,373000,-11711602
20171211,13283371,16331595,-3048224,4000,38000,-34000,151000,71000,306000,-235000,407000,21000,386000,-2931224
20171212,19648969,25291574,-5642605,61000,22000,39000,-766000,7000,722000,-715000,108000,159000,-51000,-6369605
20171213,13979370,17431827,-3452457,0,208000,-208000,168000,33000,278000,-245000,429000,16000,413000,-3492457
20171214,14491394,11669714,2821680,26000,84000,-58000,527000,316000,86000,230000,603000,306000,297000,3290680
20171215,35668375,38260139,-2591764,473000,202000,271000,-1042000,186000,166000,20000,15000,1077000,-1062000,-3362764
20171218,8317600,13320902,-5003302,0,0,0,0,559000,-559000,149000,79000,22000,57000,105000,13000,92000,-5413302
20171219,11995104,20075191,-8080087,0,0,0,33000,1912000,-1879000,517000,102000,183000,-81000,602000,4000,598000,-9442087
20171220,18780874,31158350,-12377476,0,0,0,0,858000,-858000,332000,234000,17000,217000,307000,192000,115000,-12903476
20171221,13111335,17435162,-4323827,0,0,0,0,496000,-496000,-221000,10000,168000,-158000,35000,98000,-63000,-5040827
20171222,16786000,16178777,607223,0,0,0,6000,63000,-57000,-58000,28000,83000,-55000,52000,55000,-3000,492223
20171225,1557000,758070,798930,0,0,0,124000,84000,40000,-9000,30000,22000,8000,9000,26000,-17000,829930
20171226,4524000,6947500,-2423500,0,0,0,71000,54580,16420,31000,173000,121000,52000,78000,99000,-21000,-2376080
20171227,6300012,10565321,-4265309,0,0,0,12000,447000,-435000,336000,75000,32000,43000,298000,5000,293000,-4364309
20171228,18188709,16690907,1497802,0,0,0,115000,735000,-620000,278000,124000,32000,92000,302000,116000,186000,1155802
20171229,17475170,10120763,7354407,0,0,0,297000,35000,262000,-601000,682000,657000,25000,64000,690000,-626000,7015407
20180102,14095108,4487684,9607424,0,0,0,535000,21000,514000,53000,332000,58000,274000,2000,223000,-221000,10174424
20180103,20313396,11474563,8838833,0,0,0,1104000,189000,915000,467000,632000,186000,446000,264000,243000,21000,10220833
20180104,20471866,9541621,10930245,0,0,0,95000,48000,47000,-30001,153000,98000,55000,82999,168000,-85001,10947244
20180105,19104797,9806122,9298675,0,0,0,136000,113000,23000,-12000,188000,98000,90000,8000,110000,-102000,9309675
20180108,17528008,7255769,10272239,0,0,0,161000,13000,148000,45000,46000,0,46000,48000,49000,-1000,10465239
20180109,13841045,12278839,1562206,0,0,0,430000,0,430000,-51000,117000,152000,-35000,26000,42000,-16000,1941206
20180110,13967976,15107450,-1139474,0,0,0,524000,74000,450000,-116000,574000,924000,-350000,274000,40000,234000,-805474
20180111,19103515,26181799,-7078284,0,0,0,41000,209000,-168000,253000,287000,240000,47000,250000,44000,206000,-6993284
20180112,13255898,17310801,-4054903,0,0,0,44000,35000,9000,570000,238000,0,238000,427000,95000,332000,-3475903
20180115,21263298,20736197,527101,0,0,0,18000,223000,-205000,55000,268000,48000,220000,39000,204000,-165000,377101
20180116,19406406,14502148,4904258,0,0,0,0,127000,-127000,-203000,130000,91000,39000,46000,288000,-242000,4574258
20180117,33465193,17633978,15831215,0,0,0,77000,14000,63000,1735000,799000,82000,717000,1036000,18000,1018000,17629215
20180118,37270305,10925326,26344979,0,0,0,64000,1244000,-1180000,788000,960000,573000,387000,610000,209000,401000,25952979
20180119,44496504,22367518,22128986,0,0,0,70000,857000,-787000,132000,579000,361000,218000,676000,762000,-86000,21473986
20180122,33139040,30231154,2907886,0,0,0,196000,934000,-738000,-557000,370000,163000,207000,189000,953000,-764000,1612886
20180123,26176060,12730294,13445766,0,0,0,139000,163000,-24000,-804030,75000,395000,-320000,225970,710000,-484030,12617736
20180124,23272520,23499549,-227029,0,0,0,30000,326793,-296793,925000,910000,304000,606000,612000,293000,319000,401178
20180125,33304243,28252125,5052118,0,0,0,208000,169000,39000,74000,223000,190000,33000,436000,395000,41000,5165118
20180126,26301390,23886954,2414436,0,0,0,10000,1633000,-1623000,622000,472000,25000,447000,496000,321000,175000,1413436
20180129,17369201,13274400,4094801,0,0,0,307000,255000,52000,722000,214000,82000,132000,807000,217000,590000,4868801
20180130,20256779,21764628,-1507849,0,0,0,49000,190000,-141000,520000,390000,136000,254000,478000,212000,266000,-1128849
20180131,33932132,32401690,1530442,0,0,0,65000,35000,30000,1963000,1865000,256000,1609000,562000,208000,354000,3523442
20180201,14436757,18319596,-3882839,0,0,0,135000,25000,110000,-653000,296000,112000,184000,132000,969000,-837000,-4425839
20180202,11572657,18238650,-6665993,0,0,0,48000,135000,-87000,-580000,155000,249000,-94000,161000,647000,-486000,-7332993
20180205,16489668,38456219,-21966551,0,0,0,33000,82000,-49000,978010,1075010,284000,791010,905000,718000,187000,-21037541
20180206,34943883,74153549,-39209666,0,0,0,121000,156000,-35000,2811990,3838000,2306010,1531990,2467000,1187000,1280000,-36432676
20180207,37915901,62574455,-24658554,0,0,0,541000,248000,293000,-1009000,939000,1841000,-902000,594000,701000,-107000,-25374554
20180208,16415591,24242979,-7827388,0,0,0,134000,234000,-100000,-385000,248000,180000,68000,51000,504000,-453000,-8312388
20180209,26759774,54351044,-27591270,0,0,0,539000,31000,508000,-329000,518000,563000,-45000,398000,682000,-284000,-27412270
20180212,27440997,33246175,-5805178,0,0,0,38000,95000,-57000,-382000,327000,762000,-435000,394000,341000,53000,-6244178
20180221,64626487,58997430,5629057,0,0,0,215000,11000,204000,-190000,375000,910000,-535000,617000,272000,345000,5643057
20180222,35513608,36426778,-913170,0,0,0,304000,23000,281000,-318000,403000,402000,1000,16000,335000,-319000,-950170
20180223,20479882,12680053,7799829,0,0,0,377000,11000,366000,-84000,241000,750000,-509000,441000,16000,425000,8081829
20180226,23545785,13943403,9602382,0,0,0,61000,22000,39000,209000,159000,80000,79000,265000,135000,130000,9850382
20180227,33096461,32931447,165014,0,0,0,38000,70000,-32000,-608000,186000,454000,-268000,61000,401000,-340000,-474986
20180301,29730330,28375445,1354885,0,0,0,53000,38000,15000,56000,325000,38000,287000,187000,418000,-231000,1425885
20180302,11473000,27013243,-15540243,0,0,0,56000,32000,24000,196000,395000,135000,260000,287000,351000,-64000,-15320243
20180305,19081918,19683042,-601124,0,0,0,6000,53000,-47000,-514656,30000,219000,-189000,109000,434656,-325656,-1162780
20180306,29537998,14448585,15089413,0,0,0,225000,247000,-22000,-671191,382000,353000,29000,205809,906000,-700191,14396222
20180307,20459010,23686046,-3227036,0,0,0,68000,0,68000,-119478,324000,220000,104000,68000,291478,-223478,-3278514
20180308,12942200,10764829,2177371,0,0,0,16000,45000,-29000,514000,243000,465000,-222000,824000,88000,736000,2662371
20180309,12214791,17482010,-5267219,0,0,0,1000,0,1000,471000,119000,10000,109000,393000,31000,362000,-4795219
20180312,15903008,12659674,3243334,0,0,0,0,20000,-20000,602115,405000,22000,383000,510115,291000,219115,3825449
20180313,27992646,16075644,11917002,0,0,0,70000,21000,49000,-36000,208000,174000,34000,193000,263000,-70000,11930002
20180314,9831908,16488094,-6656186,0,0,0,173000,157000,16000,433000,722000,277000,445000,349000,361000,-12000,-6207186
20180315,13030800,15672967,-2642167,0,0,0,85000,51000,34000,408000,118000,82000,36000,463000,91000,372000,-2200167
20180316,45992503,44859762,1132741,0,0,0,20000,431000,-411000,646000,844000,667000,177000,854000,385000,469000,1367741
20180319,16579800,10252615,6327185,0,0,0,38000,107000,-69000,-213000,112000,153000,-41000,244000,416000,-172000,6045185
20180320,16201660,11965906,4235754,0,0,0,116000,219000,-103000,-190000,65000,5000,60000,46000,296000,-250000,3942754
20180321,22641148,22767298,-126150,0,0,0,26000,54000,-28000,94000,160000,35000,125000,444000,475000,-31000,-60150
20180322,18054050,16574829,1479221,0,0,0,8000,103000,-95000,87000,114000,96000,18000,320000,251000,69000,1471221
20180323,23807500,25529119,-1721619,0,0,0,20000,109000,-89000,-833000,373000,643000,-270000,117000,680000,-563000,-2643619
20180326,14056091,31977112,-17921021,0,0,0,61000,133148,-72148,1008000,448000,259000,189000,978000,159000,819000,-16985169
20180327,22456133,18687081,3769052,0,0,0,25000,77415,-52415,-752000,81000,825000,-744000,231000,239000,-8000,2964637
20180328,12264400,19335844,-7071444,0,0,0,30000,30000,0,-1342000,432000,761000,-329000,16000,1029000,-1013000,-8413444
20180329,18375979,31494563,-13118584,0,0,0,34000,63000,-29000,-47000,172000,61000,111000,707000,865000,-158000,-13194584
20180330,9520000,6982020,2537980,0,0,0,128000,30000,98000,-336000,154000,688000,-534000,330000,132000,198000,2299980
20180331,86000,116000,-30000,0,0,0,20000,27000,-7000,-196000,44000,109000,-65000,34000,165000,-131000,-233000
20180402,8387863,10868500,-2480637,0,0,0,1000,313000,-312000,-321000,4000,58000,-54000,40000,307000,-267000,-3113637
20180403,15999860,26817807,-10817947,0,0,0,102000,54000,48000,-292000,367000,579000,-212000,469000,549000,-80000,-11061947
20180409,22759905,22082379,677526,0,0,0,28000,0,28000,856000,708000,160000,548000,471000,163000,308000,1561526
20180410,11701468,13312479,-1611011,0,0,0,68000,210000,-142000,723000,494000,331000,163000,698000,138000,560000,-1030011
20180411,11514300,13179981,-1665681,0,0,0,10000,66000,-56000,840000,1165000,186000,979000,68000,207000,-139000,-881681
20180412,7559002,16185552,-8626550,0,0,0,121000,60000,61000,963000,309000,203000,106000,872000,15000,857000,-7602550
20180413,13417000,17541973,-4124973,0,0,0,191000,236000,-45000,124000,43000,187000,-144000,349000,81000,268000,-4045973
20180416,12148546,16877989,-4729443,0,0,0,124000,655000,-531000,-330000,72000,362000,-290000,87000,127000,-40000,-5590443
20180417,14943535,26265877,-11322342,0,0,0,257600,665000,-407400,-421000,402000,873000,-471000,325000,275000,50000,-12150742
20180418,22162697,26717445,-4554748,0,0,0,39000,117000,-78000,-261000,221000,444000,-223000,307000,345000,-38000,-4893748
20180419,27875406,19574008,8301398,0,0,0,41000,337000,-296000,-44000,255000,269000,-14000,279000,309000,-30000,7961398
20180420,38080230,109115343,-71035113,0,0,0,490000,1529754,-1039754,754000,1563000,937000,626000,693000,565000,128000,-71320867
20180423,16994800,60917300,-43922500,0,0,0,192000,300000,-108000,978000,947000,72000,875000,295000,192000,103000,-43052500
20180424,21892599,38045288,-16152689,0,0,0,424000,170000,254000,1225000,808000,117000,691000,622000,88000,534000,-14673689
20180425,23383568,42053619,-18670051,0,0,0,82000,664000,-582000,1084000,932000,488000,444000,741000,101000,640000,-18168051
20180426,21708556,36904387,-15195831,0,0,0,33000,126000,-93000,491000,715000,839000,-124000,841000,226000,615000,-14797831
20180427,21898479,28007917,-6109438,0,0,0,218000,132000,86000,1372000,829000,345000,484000,1027000,139000,888000,-4651438
20180430,15723049,18463822,-2740773,0,0,0,155000,45000,110000,1132000,790000,257000,533000,962000,363000,599000,-1498773
20180502,20741140,32307334,-11566194,0,0,0,26000,121000,-95000,258000,458000,543000,-85000,470000,127000,343000,-11403194
20180503,16629235,26167117,-9537882,0,0,0,122000,1128000,-1006000,-429000,472000,755000,-283000,174000,320000,-146000,-10972882
20180504,21163617,20214197,949420,0,0,0,35000,424000,-389000,-228000,315000,310000,5000,210000,443000,-233000,332420
20180507,8552832,16167000,-7614168,0,0,0,5000,268874,-263874,-445000,241000,630000,-389000,193000,249000,-56000,-8323042
20180508,21115710,26736600,-5620890,0,0,0,216231,466000,-249769,-40000,275000,736000,-461000,620000,199000,421000,-5910659
20180509,17566682,18552920,-986238,0,0,0,1000,29000,-28000,-604000,210000,399000,-189000,273000,688000,-415000,-1618238
20180510,10433000,17084310,-6651310,0,0,0,147000,0,147000,-415000,62000,302000,-240000,117000,292000,-175000,-6919310
20180511,12766003,9912674,2853329,0,0,0,109000,468000,-359000,-214000,251000,690000,-439000,422000,197000,225000,2280329
20180514,14655016,17563555,-2908539,0,0,0,7000,468000,-461000,0,270000,409000,-139000,172000,33000,139000,-3369539
20180515,10904982,16189033,-5284051,0,0,0,20000,452000,-432000,-430000,372000,647000,-275000,211000,366000,-155000,-6146051
20180516,10137209,9487181,650028,0,0,0,6000,230000,-224000,-222000,45000,128000,-83000,89000,228000,-139000,204028
20180517,19888939,22744633,-2855694,0,0,0,51000,560000,-509000,-407000,157000,451000,-294000,103000,216000,-113000,-3771694
20180518,16394038,19278315,-2884277,0,0,0,0,1866000,-1866000,55000,136000,416000,-280000,490000,155000,335000,-4695277
20180521,10220008,7266361,2953647,0,0,0,588000,502000,86000,-308000,292000,322000,-30000,202000,480000,-278000,2731647
20180522,13227746,8305686,4922060,0,0,0,24000,30000,-6000,-27000,343000,187000,156000,198000,381000,-183000,4889060
20180523,22541363,20209079,2332284,0,0,0,130669,393000,-262331,400000,576000,295000,281000,312000,193000,119000,2469953
20180524,10340000,11493223,-1153223,0,0,0,159000,141000,18000,666000,320000,106000,214000,481000,29000,452000,-469223
20180525,11053000,13052684,-1999684,0,0,0,188000,447000,-259000,238000,164000,187000,-23000,390000,129000,261000,-2020684
20180528,9751015,13162397,-3411382,0,0,0,50000,138000,-88000,478000,419000,35000,384000,172000,78000,94000,-3021382
20180529,11383375,22675816,-11292441,0,0,0,170000,330000,-160000,-154000,330000,411000,-81000,126000,199000,-73000,-11606441
20180530,20653093,33871933,-13218840,0,0,0,82000,1813000,-1731000,-331000,332000,702000,-370000,416000,377000,39000,-15280840
20180531,85105927,85265705,-159778,0,0,0,103000,933000,-830000,-804000,204000,927000,-723000,227000,308000,-81000,-1793778
20180601,30752938,31390441,-637503,0,0,0,10000,137000,-127000,1178000,383000,130000,253000,1015000,90000,925000,413497
20180604,23534373,20651255,2883118,0,0,0,56000,183000,-127000,1090000,761000,186000,575000,740000,225000,515000,3846118
20180605,21251067,20385740,865327,0,0,0,29000,102000,-73000,-349000,30000,207000,-177000,184000,356000,-172000,443327
20180606,23998710,21948881,2049829,0,0,0,75000,248000,-173000,663000,967000,354000,613000,157000,107000,50000,2539829
20180607,18442207,17208776,1233431,0,0,0,331000,232000,99000,-49000,270000,247000,23000,201000,273000,-72000,1283431
20180608,13913614,19629100,-5715486,0,0,0,23000,359000,-336000,777000,1032000,551000,481000,499000,203000,296000,-5274486
20180611,14141178,17286351,-3145173,0,0,0,12000,751000,-739000,676000,785000,167000,618000,253000,195000,58000,-3208173
20180612,20167922,21816400,-1648478,0,0,0,5000,331000,-326000,-313000,449000,726000,-277000,346000,382000,-36000,-2287478
20180613,27891353,20627109,7264244,0,0,0,50000,528000,-478000,-269000,333000,480000,-147000,409000,531000,-122000,6517244
20180614,19391650,30005654,-10614004,0,0,0,151000,1362000,-1211000,-591000,563000,1033000,-470000,590000,711000,-121000,-12416004
20180615,29502607,37714045,-8211438,0,0,0,19000,975000,-956000,-149000,128000,447000,-319000,729000,559000,170000,-9316438
20180619,32210129,54440014,-22229885,0,0,0,220000,594000,-374000,-101000,352000,364000,-12000,335000,424000,-89000,-22704885
20180620,22820641,34160492,-11339851,0,0,0,497916,68000,429916,3252000,2255000,473000,1782000,1747000,277000,1470000,-7657935
20180621,9432150,27155177,-17723027,0,0,0,32000,482000,-450000,2404000,1053000,134000,919000,1635000,150000,1485000,-15769027
20180622,15806178,28004166,-12197988,0,0,0,0,81000,-81000,5674000,2001000,140000,1861000,4067000,254000,3813000,-6604988
20180625,21782636,33629765,-11847129,0,0,0,0,0,0,-4269000,279000,851000,-572000,193000,3890000,-3697000,-16116129
20180626,20798253,33147599,-12349346,0,0,0,2000,534000,-532000,-652000,618000,836000,-218000,760000,1194000,-434000,-13533346
20180627,29659250,33738209,-4078959,0,0,0,68000,549000,-481000,-310000,100000,190000,-90000,394000,614000,-220000,-4869959
20180628,26565754,30038067,-3472313,0,0,0,211000,211000,0,-1216000,196000,499000,-303000,182000,1095000,-913000,-4688313
20180629,29848583,28500053,1348530,0,0,0,80000,132000,-52000,-570000,94000,491000,-397000,280000,453000,-173000,726530
20180702,26909358,27630957,-721599,0,0,0,90000,256000,-166000,-94000,78000,300000,-222000,589000,461000,128000,-981599
20180703,23884971,23368214,516757,0,0,0,64000,194000,-130000,-530000,91000,158000,-67000,440000,903000,-463000,-143243
20180704,12737097,10706119,2030978,0,0,0,49000,120000,-71000,287000,761000,72000,689000,192000,594000,-402000,2246978
20180705,12357233,15662576,-3305343,0,0,0,99000,15000,84000,-171000,118000,103000,15000,191000,377000,-186000,-3392343
20180706,22609830,25063024,-2453194,0,0,0,29000,149000,-120000,-230000,70000,236000,-166000,147000,211000,-64000,-2803194
20180709,31170382,20680185,10490197,0,0,0,1432000,145000,1287000,404000,305000,390000,-85000,714000,225000,489000,12181197
20180710,14367483,14255199,112284,0,0,0,662000,0,662000,-727000,97000,102000,-5000,93000,815000,-722000,47284
20180711,11854010,14606360,-2752350,0,0,0,500000,9000,491000,-2320000,126000,1883000,-1757000,110000,673000,-563000,-4581350
20180712,18620209,20965483,-2345274,0,0,0,294000,59000,235000,114000,81000,6000,75000,263000,224000,39000,-1996274
20180713,22238709,18857982,3380727,0,0,0,211000,92000,119000,14000,230000,113000,117000,225000,328000,-103000,3513727
20180716,8968506,11039729,-2071223,0,0,0,900000,6000,894000,-1698000,205000,1545000,-1340000,46000,404000,-358000,-2875223
20180717,15666316,16966702,-1300386,0,0,0,1254000,57000,1197000,-39000,310000,225000,85000,98000,222000,-124000,-142386
20180718,37262215,35623755,1638460,0,0,0,1929000,51000,1878000,195000,1246000,750000,496000,317000,618000,-301000,3711460
20180719,29584558,21830143,7754415,0,0,0,1068000,4000,1064000,278000,1427000,1004000,423000,118000,263000,-145000,9096415
20180720,72449759,35047959,37401800,0,0,0,4001000,34000,3967000,-1551000,556000,1182000,-626000,331000,1256000,-925000,39817800
20180723,35168336,19354785,15813551,0,0,0,1889000,90000,1799000,-1175000,629000,835000,-206000,232000,1201000,-969000,16437551
20180724,17935847,18525353,-589506,0,0,0,624000,41000,583000,-2000,244000,279000,-35000,147000,114000,33000,-8506
20180725,15420005,13758234,1661771,0,0,0,156000,120000,36000,-80000,60000,145000,-85000,52000,47000,5000,1617771
20180726,19665000,20775853,-1110853,0,0,0,102000,62000,40000,136000,173000,62000,111000,176000,151000,25000,-934853
20180727,21632148,11369000,10263148,0,0,0,5000,91000,-86000,-254000,438000,366000,72000,92000,418000,-326000,9923148
20180730,15855637,9976100,5879537,0,0,0,9000,47000,-38000,-526000,121000,242000,-121000,20000,425000,-405000,5315537
20180731,19217056,19309750,-92694,0,0,0,1867000,40000,1827000,-1442000,165000,1463000,-1298000,27000,171000,-144000,292306
20180801,21802948,17015025,4787923,0,0,0,443000,14000,429000,-777000,221000,759000,-538000,32000,271000,-239000,4439923
20180802,12456044,11693667,762377,0,0,0,447000,60000,387000,-253000,456000,850000,-394000,427000,286000,141000,896377
20180803,17614600,16762266,852334,0,0,0,1830000,91000,1739000,789000,558000,84000,474000,328000,13000,315000,3380334
20180806,11719299,16520000,-4800701,0,0,0,800000,76000,724000,-65000,230000,466000,-236000,361000,190000,171000,-4141701
20180807,15154397,20459386,-5304989,0,0,0,161000,242000,-81000,534000,572000,163000,409000,324000,199000,125000,-4851989
20180808,19319373,8625027,10694346,0,0,0,81000,9000,72000,-261000,17000,349000,-332000,263000,192000,71000,10505346
20180809,10153723,7407766,2745957,0,0,0,1100000,17000,1083000,-168000,210000,152000,58000,103000,329000,-226000,3660957
20180810,11729059,12298000,-568941,0,0,0,296000,20000,276000,94000,151000,88000,63000,203000,172000,31000,-198941
20180813,6296141,11741274,-5445133,0,0,0,59000,68000,-9000,-681000,481000,575000,-94000,46000,633000,-587000,-6135133
20180814,12372663,11421062,951601,0,0,0,166000,36000,130000,-362000,45000,685000,-640000,379000,101000,278000,719601
20180815,12413838,9654799,2759039,0,0,0,67000,465000,-398000,-2145000,134000,1799000,-1665000,275000,755000,-480000,216039
20180816,10761111,12966155,-2205044,0,0,0,0,11000,-11000,554000,404000,309000,95000,604000,145000,459000,-1662044
20180817,16072226,15022400,1049826,0,0,0,131000,89000,42000,-597000,15000,220000,-205000,95000,487000,-392000,494826
20180820,13374688,13037499,337189,0,0,0,64000,285000,-221000,225000,52000,22000,30000,267000,72000,195000,341189
20180821,9656550,11810940,-2154390,0,0,0,204000,40000,164000,185000,256000,300000,-44000,432000,203000,229000,-1805390
20180822,8486701,9042331,-555630,0,0,0,67000,5000,62000,-1102000,95000,858000,-763000,188000,527000,-339000,-1595630
20180823,14440802,11335995,3104807,0,0,0,547000,4000,543000,125000,216000,21000,195000,165000,235000,-70000,3772807
20180824,11058417,12019396,-960979,0,0,0,230000,28000,202000,-528000,164000,291000,-127000,125000,526000,-401000,-1286979
20180827,13349470,6947163,6402307,0,0,0,84000,40000,44000,732000,474000,20000,454000,376000,98000,278000,7178307
20180828,33793452,16477000,17316452,0,0,0,615000,253000,362000,174000,412000,317000,95000,531000,452000,79000,17852452
20180829,44723474,17506991,27216483,0,0,0,1131000,77000,1054000,-823000,430000,1016000,-586000,424000,661000,-237000,27447483
20180830,38896399,21608035,17288364,0,0,0,998000,357000,641000,-1113000,235000,683000,-448000,349000,1014000,-665000,16816364
20180831,50232770,52401635,-2168865,0,0,0,195000,143000,52000,1052000,1061000,171000,890000,425000,263000,162000,-1064865
20180903,29869123,21524996,8344127,0,0,0,159000,104000,55000,-1389000,28000,633000,-605000,58000,842000,-784000,7010127
20180904,28887881,27796276,1091605,0,0,0,214000,107000,107000,299000,160000,26000,134000,330000,165000,165000,1497605
20180905,40061279,30007747,10053532,0,0,0,326000,115813,210187,-2061000,303000,1610000,-1307000,258000,1012000,-754000,8202719
20180906,30019173,27792538,2226635,0,0,0,264000,83000,181000,-487000,250000,561000,-311000,349000,525000,-176000,1920635
20180907,39952000,28144854,11807146,0,0,0,329503,241000,88503,-1350000,129000,979000,-850000,190000,690000,-500000,10545649
20180910,56136096,42241804,13894292,0,0,0,48000,402000,-354000,-890000,134000,613000,-479000,192000,603000,-411000,12650292
20180911,30505534,29763333,742201,0,0,0,597000,280000,317000,1538000,495000,210000,285000,1438000,185000,1253000,2597201
20180912,32351432,24725056,7626376,0,0,0,169000,360000,-191000,1441000,1524000,135000,1389000,284000,232000,52000,8876376
20180913,19558281,26445780,-6887499,0,0,0,480000,76000,404000,1631000,1280000,121000,1159000,555000,83000,472000,-4852499
20180914,32082000,20030866,12051134,0,0,0,551000,169000,382000,523000,426000,328000,98000,616000,191000,425000,12956134
20180917,13439532,10825736,2613796,0,0,0,856000,0,856000,674000,954000,152000,802000,236000,364000,-128000,4143796
20180918,22431563,17092546,5339017,0,0,0,861000,139000,722000,17000,357000,518000,-161000,403000,225000,178000,6078017
20180919,63316846,45316544,18000302,0,0,0,199000,34000,165000,538000,267000,340000,-73000,964000,353000,611000,18703302
20180920,28796283,14907263,13889020,0,0,0,573000,7800,565200,-501000,72000,123000,-51000,240000,690000,-450000,13953220
20180921,31254687,24955537,6299150,0,0,0,121000,180000,-59000,180000,315000,413000,-98000,490000,212000,278000,6420150
20180925,17735557,12719252,5016305,0,0,0,100000,34000,66000,486000,377000,173000,204000,393000,111000,282000,5568305
20180926,17096180,16380552,715628,0,0,0,46000,24000,22000,-242000,300000,481000,-181000,362000,423000,-61000,495628
20180927,30929161,16586073,14343088,0,0,0,169000,19000,150000,-367000,181000,325000,-144000,243000,466000,-223000,14126088
20180928,24208383,23533165,675218,0,0,0,152000,91000,61000,-1022000,573000,1046000,-473000,269000,818000,-549000,-285782
20181001,10353796,11906249,-1552453,0,0,0,0,849000,-849000,-2000,101000,194000,-93000,175000,84000,91000,-2403453
20181002,11292000,31077473,-19785473,0,0,0,91000,1242000,-1151000,313000,491000,482000,9000,549000,245000,304000,-20623473
20181003,12191800,7542636,4649164,0,0,0,19000,1199000,-1180000,-1496000,12000,915000,-903000,115000,708000,-593000,1973164
20181004,13993835,29341000,-15347165,0,0,0,270000,386000,-116000,-420998,304000,360000,-56000,184000,548998,-364998,-15884163
20181005,14498161,23638608,-9140447,0,0,0,59230,978000,-918770,262001,906000,892000,14000,618000,369999,248001,-9797216
20181008,14090441,37855723,-23765282,0,0,0,98000,951000,-853000,1401000,902000,619000,283000,1198000,80000,1118000,-23217282
20181009,14282000,22429154,-8147154,0,0,0,45000,230000,-185000,432000,295000,85000,210000,495000,273000,222000,-7900154
20181011,35611646,72819813,-37208167,0,0,0,140085,765000,-624915,-446000,1447000,1734000,-287000,605000,764000,-159000,-38279082
20181012,32154782,35689469,-3534687,0,0,0,294000,878000,-584000,1074000,852000,392000,460000,945000,331000,614000,-3044687
20181015,17634265,40250215,-22615950,0,0,0,281000,99000,182000,259004,652000,225000,427000,286000,453996,-167996,-22174946
20181016,22873108,25229223,-2356115,0,0,0,26000,449000,-423000,-993000,424000,588000,-164000,255000,1084000,-829000,-3772115
20181017,22009900,24117961,-2108061,0,0,0,848000,575000,273000,-1733000,489000,2095000,-1606000,491000,618000,-127000,-3568061
20181018,16134170,18119572,-1985402,0,0,0,16000,217000,-201000,-548000,119000,408000,-289000,233000,492000,-259000,-2734402
20181019,11861041,18741359,-6880318,0,0,0,670000,49000,621000,-86529,607000,372000,235000,353000,674529,-321529,-6345847
20181022,14338325,19767139,-5428814,0,0,0,751000,100000,651000,-275000,255000,501000,-246000,317000,346000,-29000,-5052814
20181023,20309381,31550200,-11240819,0,0,0,204552,7000,197552,-12995,369000,297000,72000,250000,334995,-84995,-11056262
20181024,18626359,34750000,-16123641,0,0,0,139000,1181000,-1042000,-858997,325000,466000,-141000,283000,1000997,-717997,-18024638
20181025,22128000,50737882,-28609882,0,0,0,90553,93000,-2447,-990990,162000,922000,-760000,527000,757990,-230990,-29603319
20181026,34075806,31755034,2320772,0,0,0,239000,196000,43000,107003,60000,378000,-318000,647000,221997,425003,2470775
20181029,11675611,11892784,-217173,0,0,0,211000,304000,-93000,619000,59000,15000,44000,704000,129000,575000,308827
20181030,18636100,18236017,400083,0,0,0,312000,165000,147000,62001,43000,79000,-36000,413000,314999,98001,609084
20181031,47555530,39396702,8158828,0,0,0,820000,43000,777000,-158000,742000,179000,563000,369000,1090000,-721000,8777828
20181101,34931086,31804518,3126568,0,0,0,107000,104000,3000,-358000,161000,236000,-75000,386000,669000,-283000,2771568
20181102,19755217,20841289,-1086072,0,0,0,196423,42000,154423,126000,73000,248000,-175000,567000,266000,301000,-805649
20181105,24753900,23229889,1524011,0,0,0,0,20000,-20000,-1383000,0,560000,-560000,115000,938000,-823000,121011
20181106,29235213,30322996,-1087783,0,0,0,14000,39000,-25000,-158000,10000,314000,-304000,479000,333000,146000,-1270783
20181107,28219005,31647986,-3428981,0,0,0,301000,54000,247000,-277000,19000,1185000,-1166000,1082000,193000,889000,-3458981
20181108,25019000,16290912,8728088,0,0,0,64000,0,64000,-225000,150000,163000,-13000,446000,658000,-212000,8567088
20181109,13744041,16526788,-2782747,0,0,0,105000,46000,59000,-385000,111000,183000,-72000,551000,864000,-313000,-3108747
20181112,22680900,20973294,1707606,0,0,0,0,7000,-7000,-341000,39000,71000,-32000,339000,648000,-309000,1359606
20181113,25601079,32130090,-6529011,0,0,0,125000,18000,107000,495000,655000,68000,587000,401000,493000,-92000,-5927011
20181114,19867906,20838820,-970914,0,0,0,17000,22000,-5000,-244993,109000,53000,56000,70000,370993,-300993,-1220907
20181115,18469505,17090119,1379386,0,0,0,57000,122000,-65000,-505000,39000,430000,-391000,354000,468000,-114000,809386
20181116,26900861,42464798,-15563937,0,0,0,23552,1046000,-1022448,1022000,423000,209000,214000,987000,179000,808000,-15564385
20181119,30394330,41105928,-10711598,0,0,0,26000,1206000,-1180000,1104000,299000,24000,275000,1044000,215000,829000,-10787598
20181120,22419786,37885812,-15466026,0,0,0,47552,758000,-710448,599005,87000,15000,72000,749000,221995,527005,-15577469
20181121,22746300,27580610,-4834310,0,0,0,128000,567000,-439000,347000,151000,429000,-278000,1116000,491000,625000,-4926310
20181122,13558499,14600000,-1041501,0,0,0,32000,42000,-10000,-1178000,31000,228000,-197000,265000,1246000,-981000,-2229501
20181123,10338173,9698284,639889,0,0,0,123000,19000,104000,-267000,20000,59000,-39000,117000,345000,-228000,476889
20181126,31201074,25481000,5720074,0,0,0,62000,149000,-87000,-367000,112000,101000,11000,140000,518000,-378000,5266074
20181127,24480714,27443662,-2962948,0,0,0,62000,0,62000,-204000,173000,53000,120000,193000,517000,-324000,-3104948
20181128,18159859,16559414,1600445,0,0,0,60277,288000,-227723,1451000,1300000,91000,1209000,454000,212000,242000,2823722
20181129,34316566,30157913,4158653,0,0,0,282000,0,282000,-24000,152000,198000,-46000,300000,278000,22000,4416653
20181130,46959796,52927884,-5968088,0,0,0,0,75000,-75000,891000,706000,11000,695000,407000,211000,196000,-5152088
20181203,33540373,24957050,8583323,0,0,0,645000,65000,580000,197000,568000,572000,-4000,493000,292000,201000,9360323
20181204,33128980,33005632,123348,0,0,0,940000,339000,601000,-1171000,116000,234000,-118000,94000,1147000,-1053000,-446652
20181205,26468172,35042235,-8574063,0,0,0,0,414000,-414000,-132000,427000,883000,-456000,603000,279000,324000,-9120063
20181206,18843272,31158932,-12315660,0,0,0,136000,62000,74000,-1167000,244000,1684000,-1440000,415000,142000,273000,-13408660
20181207,23465359,26765881,-3300522,0,0,0,48000,58000,-10000,1721000,289000,286000,3000,1792000,74000,1718000,-1589522
20181210,17652725,22200136,-4547411,0,0,0,9239,207000,-197761,-180000,82000,180000,-98000,87000,169000,-82000,-4925172
20181211,20764290,20500229,264061,0,0,0,73000,53000,20000,-197000,110000,280000,-170000,95000,122000,-27000,87061
20181212,23268992,25103693,-1834701,0,0,0,10000,101000,-91000,397000,966000,328000,638000,216000,457000,-241000,-1528701
20181213,21332076,23115450,-1783374,0,0,0,667000,23000,644000,486000,101000,81000,20000,689000,223000,466000,-653374
20181214,27981489,35293905,-7312416,0,0,0,72000,50000,22000,-1165000,181000,1029000,-848000,141000,458000,-317000,-8455416
20181217,15737140,12722312,3014828,0,0,0,0,35000,-35000,-11000,3000,136000,-133000,262000,140000,122000,2968828
20181218,23567648,25338304,-1770656,0,0,0,218000,580000,-362000,305000,91000,68000,23000,649000,367000,282000,-1827656
20181219,19271010,16115025,3155985,0,0,0,520000,249000,271000,-492000,19000,217000,-198000,171000,465000,-294000,2934985
20181220,22593374,33565690,-10972316,0,0,0,273000,107000,166000,359785,551000,202000,349000,196000,185215,10785,-10446531
20181221,35564870,36874161,-1309291,0,0,0,98000,349000,-251000,-321412,213000,412000,-199000,362000,484412,-122412,-1881703
20181222,704000,3202000,-2498000,0,0,0,13000,0,13000,-243000,68000,219000,-151000,71000,163000,-92000,-2728000
20181224,13347100,20839000,-7491900,0,0,0,25000,53000,-28000,36000,39000,14000,25000,196000,185000,11000,-7483900
20181225,6475100,11927000,-5451900,0,0,0,99238,596869,-497631,-1896000,71000,1284000,-1213000,48000,731000,-683000,-7845531
20181226,10301000,10342000,-41000,0,0,0,44000,375000,-331000,-946000,103000,979000,-876000,255000,325000,-70000,-1318000
20181227,17366274,8399626,8966648,0,0,0,36000,70000,-34000,24000,197000,857000,-660000,819000,135000,684000,8956648
20181228,26290469,15011011,11279458,0,0,0,21000,63000,-42000,-1059000,25000,623000,-598000,184000,645000,-461000,10178458
20190102,13633825,22365017,-8731192,0,0,0,175000,166000,9000,-794000,742000,1375000,-633000,183000,344000,-161000,-9516192
20190103,14327199,28959678,-14632479,0,0,0,8000,47000,-39000,1043000,251000,241000,10000,1114000,81000,1033000,-13628479
20190104,20975300,49516680,-28541380,0,0,0,31000,2457000,-2426000,2689000,1161000,422000,739000,1984000,34000,1950000,-28278380
20190107,27607176,23450094,4157082,0,0,0,53000,472000,-419000,1055000,502000,321000,181000,1113000,239000,874000,4793082
20190108,17819710,17073728,745982,0,0,0,55000,1438000,-1383000,-104000,287000,118000,169000,340000,613000,-273000,-741018
20190109,39675749,32127443,7548306,0,0,0,303000,717000,-414000,235005,2128000,1254000,874000,347000,985995,-638995,7369311
20190110,18743557,17263645,1479912,0,0,0,22000,278000,-256000,-297000,44000,67000,-23000,80000,354000,-274000,926912
20190111,25495353,13653645,11841708,0,0,0,505000,146000,359000,-660000,233000,544000,-311000,84000,433000,-349000,11540708
20190114,11122000,12972338,-1850338,0,0,0,40000,642000,-602000,27000,121000,7000,114000,118000,205000,-87000,-2425338
20190115,34125091,24271930,9853161,0,0,0,14234,1311000,-1296766,-373000,267000,633000,-366000,401000,408000,-7000,8183395
20190116,17878988,25650697,-7771709,0,0,0,4000,620000,-616000,856000,669000,15000,654000,565000,363000,202000,-7531709
20190117,15427000,12718116,2708884,0,0,0,302000,240000,62000,-1017399,76000,447000,-371000,93000,739399,-646399,1753485
20190118,29104264,42694216,-13589952,0,0,0,181000,391000,-210000,1124000,214000,362000,-148000,1349000,77000,1272000,-12675952
20190121,24369578,21026114,3343464,0,0,0,1225000,1639000,-414000,864000,506000,91000,415000,599000,150000,449000,3793464
20190122,22800000,18898238,3901762,0,0,0,1166000,3000,1163000,-659000,281000,258000,23000,12000,694000,-682000,4405762
20190123,14036341,15402816,-1366475,0,0,0,15000,233000,-218000,-448000,83000,413000,-330000,17000,135000,-118000,-2032475
20190124,27201102,24569722,2631380,0,0,0,134000,29000,105000,-153000,0,82000,-82000,13000,84000,-71000,2583380
20190125,42382028,26550960,15831068,0,0,0,738000,13000,725000,209000,260000,192000,68000,178000,37000,141000,16765068
20190128,24995780,16144022,8851758,0,0,0,886000,134000,752000,-681000,350000,641000,-291000,22000,412000,-390000,8922758
20190129,27167747,37032304,-9864557,0,0,0,88000,616000,-528000,972000,293000,125000,168000,817000,13000,804000,-9420557
20190130,33473378,45772593,-12299215,0,0,0,161000,310000,-149000,493000,450000,42000,408000,199000,114000,85000,-11955215
20190211,74928232,45381859,29546373,0,0,0,424000,94000,330000,-1012000,238000,497000,-259000,126000,879000,-753000,28864373
20190212,26643361,11540774,15102587,0,0,0,1226000,293000,933000,-63000,100000,166000,-66000,96000,93000,3000,15972587
20190213,24409522,12698036,11711486,0,0,0,50000,602000,-552000,-63000,98000,26000,72000,210000,345000,-135000,11096486
20190214,18838207,18057469,780738,0,0,0,0,565000,-565000,412000,277000,21000,256000,351000,195000,156000,627738
20190215,20463160,16952928,3510232,0,0,0,0,393000,-393000,-468000,15000,174000,-159000,51000,360000,-309000,2649232
20190218,14709000,8021000,6688000,0,0,0,153000,95000,58000,-400000,33000,715000,-682000,399000,117000,282000,6346000
20190219,12958978,13603300,-644322,0,0,0,325000,62000,263000,-84000,62000,121000,-59000,121000,146000,-25000,-465322
20190220,26348508,13977444,12371064,0,0,0,559000,15000,544000,283000,40000,67000,-27000,475000,165000,310000,13198064
20190221,28664884,13984796,14680088,0,0,0,57000,72000,-15000,177000,93000,226000,-133000,795000,485000,310000,14842088
20190222,19757181,14803350,4953831,0,0,0,230000,170000,60000,-897000,20000,314000,-294000,62000,665000,-603000,4116831
20190225,20670114,15443415,5226699,0,0,0,148000,24230,123770,69000,109000,57000,52000,160000,143000,17000,5419469
20190226,20005821,15058177,4947644,0,0,0,12000,232000,-220000,71000,277000,149000,128000,329000,386000,-57000,4798644
20190227,34264501,31414567,2849934,0,0,0,147000,331000,-184000,-393000,40000,246000,-206000,99000,286000,-187000,2272934
20190304,35157681,33525725,1631956,0,0,0,0,507230,-507230,624250,442000,48000,394000,576000,345750,230250,1748976
20190305,13633880,14308166,-674286,0,0,0,0,180000,-180000,362000,300000,343000,-43000,485000,80000,405000,-492286
20190306,11538507,9622506,1916001,0,0,0,8000,30000,-22000,-823000,5000,1043000,-1038000,363000,148000,215000,1071001
20190307,11678710,11650133,28577,0,0,0,13000,102000,-89000,-798000,20000,112000,-92000,31000,737000,-706000,-858423
20190308,8121394,17420783,-9299389,0,0,0,46000,681000,-635000,220000,155000,88000,67000,250000,97000,153000,-9714389
20190311,22982519,30941575,-7959056,0,0,0,0,219000,-219000,466000,624000,185000,439000,305000,278000,27000,-7712056
20190312,19632040,13614095,6017945,0,0,0,0,42000,-42000,266000,332000,99000,233000,175000,142000,33000,6241945
20190313,17142344,10438878,6703466,0,0,0,261000,207000,54000,-744000,92000,279000,-187000,30000,587000,-557000,6013466
20190314,11088868,12161928,-1073060,0,0,0,70000,0,70000,-205000,133000,464000,-331000,252000,126000,126000,-1208060
20190315,30573000,19847623,10725377,0,0,0,18000,436000,-418000,-529000,41000,434000,-393000,150000,286000,-136000,9778377
20190318,22769334,7839000,14930334,0,0,0,45000,110000,-65000,403000,105000,13000,92000,483000,172000,311000,15268334
20190319,9463293,8881716,581577,0,0,0,42000,99000,-57000,234000,17000,39000,-22000,286000,30000,256000,758577
20190320,18125000,11788200,6336800,0,0,0,37000,0,37000,219000,246000,104000,142000,200000,123000,77000,6592800
20190321,21504985,10834256,10670729,0,0,0,0,64000,-64000,-8000,150000,60000,90000,123000,221000,-98000,10598729
20190322,16147452,8748104,7399348,0,0,0,291000,9228,281772,-313000,322000,125000,197000,37000,547000,-510000,7368120
20190325,8600000,12195554,-3595554,0,0,0,10000,159000,-149000,-536000,97000,120000,-23000,85000,598000,-513000,-4280554
20190326,16243921,13927358,2316563,0,0,0,11000,116000,-105000,-85000,58000,78000,-20000,94000,159000,-65000,2126563
20190327,14861466,19196554,-4335088,0,0,0,365000,14000,351000,895000,422000,218000,204000,710000,19000,691000,-3089088
20190328,11311540,11400384,-88844,0,0,0,12000,12000,0,-155000,10000,293000,-283000,214000,86000,128000,-243844
20190329,27305875,23734541,3571334,0,0,0,17000,293000,-276000,-532000,60000,116000,-56000,155000,631000,-476000,2763334
20190401,26776665,14506267,12270398,0,0,0,331000,1860,329140,763997,255000,9000,246000,647997,130000,517997,13363535
20190402,17758738,11343673,6415065,0,0,0,143000,113000,30000,614000,215000,8000,207000,465000,58000,407000,7059065
20190403,23727263,18889075,4838188,0,0,0,32000,67000,-35000,-171000,362000,200000,162000,19000,352000,-333000,4632188
20190408,39256999,17910313,21346686,0,0,0,259000,0,259000,-107000,202000,122000,80000,236000,423000,-187000,21498686
20190409,17914693,13680947,4233746,0,0,0,184000,148000,36000,14000,127000,113000,14000,185000,185000,0,4283746
20190410,25994915,28027948,-2033033,0,0,0,67000,50000,17000,1607000,1611000,0,1611000,68000,72000,-4000,-409033
20190411,16350100,19313531,-2963431,0,0,0,10000,75000,-65000,722000,631000,271000,360000,434000,72000,362000,-2306431
20190412,11874410,9837463,2036947,0,0,0,16000,47000,-31000,138000,46000,7000,39000,217000,118000,99000,2143947
20190415,14844673,8058491,6786182,0,0,0,20000,42000,-22000,-343000,109000,204000,-95000,28000,276000,-248000,6421182
20190416,17627763,13691598,3936165,0,0,0,0,247000,-247000,541000,127000,13000,114000,690000,263000,427000,4230165
20190417,33839637,14605582,19234055,0,0,0,6000,329000,-323000,1395000,1505000,244000,1261000,662000,528000,134000,20306055
20190418,42134126,24147502,17986624,0,0,0,53000,128000,-75000,-908000,251000,279000,-28000,206000,1086000,-880000,17003624
20190419,38621300,22964928,15656372,0,0,0,55000,53000,2000,-381000,119000,255000,-136000,404000,649000,-245000,15277372
20190422,20624000,11020000,9604000,0,0,0,803,251000,-250197,-556000,10000,163000,-153000,60000,463000,-403000,8797803
20190423,22892090,13085020,9807070,0,0,0,103000,145000,-42000,69000,122000,113000,9000,111000,51000,60000,9834070
20190424,32183427,26435334,5748093,0,0,0,148000,34000,114000,-960000,75000,797000,-722000,89000,327000,-238000,4902093
20190425,32597425,28061451,4535974,0,0,0,28000,304000,-276000,-268000,0,284000,-284000,29000,13000,16000,3991974
20190426,27476527,37172755,-9696228,0,0,0,10000,20000,-10000,1122000,1340000,649000,691000,500000,69000,431000,-8584228
20190429,28089783,21703719,6386064,0,0,0,35000,101000,-66000,345000,347000,639000,-292000,680000,43000,637000,6665064
20190430,34615186,28249014,6366172,0,0,0,197000,88000,109000,321000,46000,32000,14000,388000,81000,307000,6796172
20190502,21777750,10302799,11474951,0,0,0,32000,50000,-18000,-959000,147000,885000,-738000,199000,420000,-221000,10497951
20190503,25185200,13711706,11473494,0,0,0,55000,45925,9075,-22000,332000,88000,244000,75000,341000,-266000,11460569
20190506,14958536,22528589,-7570053,0,0,0,235000,150000,85000,364000,1091000,437000,654000,146000,436000,-290000,-7121053
20190507,12363929,16305171,-3941242,0,0,0,830000,12044,817956,388000,868000,481000,387000,275000,274000,1000,-2735286
20190508,13961377,22026155,-8064778,0,0,0,39000,127023,-88023,1415000,1571000,75000,1496000,117000,198000,-81000,-6737801
20190509,21158713,25858678,-4699965,0,0,0,10000,0,10000,514000,1059000,348000,711000,284000,481000,-197000,-4175965
20190510,10284800,14466658,-4181858,0,0,0,24000,342000,-318000,891000,790000,103000,687000,294000,90000,204000,-3608858
20190513,13858000,18299277,-4441277,0,0,0,241000,18000,223000,2441000,2018000,65000,1953000,576000,88000,488000,-1777277
20190514,25393846,32420972,-7027126,0,0,0,76000,144000,-68000,3751000,3528000,201000,3327000,876000,452000,424000,-3344126
20190515,19750762,31987491,-12236729,0,0,0,97000,26000,71000,1746000,1248000,157000,1091000,753000,98000,655000,-10419729
20190516,17000696,26667603,-9666907,0,0,0,51000,0,51000,132000,377000,317000,60000,348000,276000,72000,-9483907
20190517,22164209,33071982,-10907773,0,0,0,22000,68000,-46000,1028000,851000,395000,456000,665000,93000,572000,-9925773
20190520,24212500,38650649,-14438149,0,0,0,104000,222000,-118000,3438000,2713000,339000,2374000,1123000,59000,1064000,-11118149
20190521,36526504,74581295,-38054791,0,0,0,75000,153000,-78000,4145000,2886000,436000,2450000,1796000,101000,1695000,-33987791
20190522,16910000,23413556,-6503556,0,0,0,288000,241000,47000,-581000,735000,711000,24000,431000,1036000,-605000,-7037556
20190523,26900226,53786017,-26885791,0,0,0,34000,150000,-116000,1545000,596000,789000,-193000,1878000,140000,1738000,-25456791
20190524,15543318,29827295,-14283977,0,0,0,61000,21000,40000,-270000,299000,316000,-17000,639000,892000,-253000,-14513977
20190527,16652175,33280923,-16628748,0,0,0,8000,133000,-125000,-87000,219000,75000,144000,508000,739000,-231000,-16840748
20190528,85349606,93409267,-8059661,0,0,0,255000,206000,49000,-56000,106000,182000,-76000,278000,258000,20000,-8066661
20190529,15690510,25699025,-10008515,0,0,0,41000,385000,-344000,75000,88000,434000,-346000,633000,212000,421000,-10277515
20190530,31889268,36923987,-5034719,0,0,0,0,146000,-146000,-42000,120000,125000,-5000,389000,426000,-37000,-5222719
20190531,31826379,35213360,-3386981,0,0,0,474000,60000,414000,-645000,329000,757000,-428000,263000,480000,-217000,-3617981
20190603,29478318,23722349,5755969,0,0,0,250000,100000,150000,-156000,193000,271000,-78000,328000,406000,-78000,5749969
20190604,8800570,19880469,-11079899,0,0,0,241000,164000,77000,1018000,342000,158000,184000,908000,74000,834000,-9984899
20190605,24390198,26916655,-2526457,0,0,0,96000,407000,-311000,216000,148000,446000,-298000,700000,186000,514000,-2621457
20190606,14769270,25874836,-11105566,0,0,0,0,288000,-288000,-653000,488000,1383000,-895000,619000,377000,242000,-12046566
20190610,27978986,17855811,10123175,0,0,0,91000,60820,30180,59000,352000,368000,-16000,573000,498000,75000,10212355
20190611,23740360,15650740,8089620,0,0,0,228000,44000,184000,-1278000,462000,1077000,-615000,319000,982000,-663000,6995620
20190612,23737430,19095266,4642164,0,0,0,87570,236000,-148430,-44000,440000,97000,343000,223000,610000,-387000,4449734
20190613,13868000,26226808,-12358808,0,0,0,78352,90000,-11648,2194000,1229000,267000,962000,1264000,32000,1232000,-10176456
20190614,17148847,29226344,-12077497,0,0,0,0,237000,-237000,2436000,1797000,379000,1418000,1068000,50000,1018000,-9878497
20190617,22942092,42595374,-19653282,0,0,0,38599,273000,-234401,2500000,1044000,173000,871000,1759000,130000,1629000,-17387683
20190618,21163000,23911962,-2748962,0,0,0,151000,19000,132000,-214000,172000,436000,-264000,316000,266000,50000,-2830962
20190619,33291825,21476766,11815059,0,0,0,820000,8000,812000,4080000,5042000,1017000,4025000,598000,543000,55000,16707059
20190620,27219082,24174917,3044165,0,0,0,234000,6000,228000,1107000,983000,68000,915000,486000,294000,192000,4379165
20190621,42699743,28603610,14096133,0,0,0,249000,222000,27000,270000,623000,1046000,-423000,1211000,518000,693000,14393133
20190624,18462159,27587088,-9124929,0,0,0,26315,2000,24315,-3606000,358000,1771000,-1413000,61000,2254000,-2193000,-12706614
20190625,14750472,14593815,156657,0,0,0,10000,42000,-32000,-1426000,109000,791000,-682000,52000,796000,-744000,-1301343
20190626,9788956,23575661,-13786705,0,0,0,140000,17000,123000,358000,463000,391000,72000,366000,80000,286000,-13305705
20190627,33989841,23126865,10862976,0,0,0,471000,0,471000,-178000,249000,320000,-71000,312000,419000,-107000,11155976
20190628,19911387,18626864,1284523,0,0,0,200000,5000,195000,162000,77000,92000,-15000,389000,212000,177000,1641523
20190701,38230280,23079608,15150672,0,0,0,2445000,5000,2440000,-2635000,1228000,2438000,-1210000,172000,1597000,-1425000,14955672
20190702,14041058,14406943,-365885,0,0,0,967000,0,967000,250000,221000,58000,163000,188000,101000,87000,851115
20190703,9045954,18847000,-9801046,0,0,0,135000,23000,112000,213000,1194000,1211000,-17000,304000,74000,230000,-9476046
20190704,9931554,11597625,-1666071,0,0,0,273000,21781,251219,419000,194000,55000,139000,308000,28000,280000,-995852
20190705,14397132,20989622,-6592490,0,0,0,53000,0,53000,520000,288000,64000,224000,361000,65000,296000,-6019490
20190708,14149657,23907771,-9758114,0,0,0,51000,0,51000,1380000,841000,140000,701000,827000,148000,679000,-8327114
20190709,7392439,13463345,-6070906,0,0,0,200000,6000,194000,31000,79000,119000,-40000,232000,161000,71000,-5845906
20190710,11506318,12497941,-991623,0,0,0,315000,22000,293000,1428000,1839000,183000,1656000,180000,408000,-228000,729377
20190711,19654000,10011457,9642543,0,0,0,253000,16000,237000,-1315000,182000,1339000,-1157000,114000,272000,-158000,8564543
20190712,19966031,10240045,9725986,0,0,0,27000,10000,17000,-834000,77000,309000,-232000,147000,749000,-602000,8908986
20190715,23490609,17727000,5763609,0,0,0,112000,32000,80000,-349000,211000,471000,-260000,121000,210000,-89000,5494609
20190716,18953292,13689135,5264157,0,0,0,172000,18000,154000,-345000,109000,342000,-233000,132000,244000,-112000,5073157
20190717,20966139,29090907,-8124768,0,0,0,132000,140000,-8000,962000,537000,444000,93000,985000,116000,869000,-7170768
20190718,11352403,15102936,-3750533,0,0,0,61784,0,61784,1491000,697000,391000,306000,1362000,177000,1185000,-2197749
20190719,47132477,23114296,24018181,0,0,0,738000,335000,403000,-1211000,453000,689000,-236000,151000,1126000,-975000,23210181
20190722,26639100,13040367,13598733,0,0,0,420000,32000,388000,-1196000,75000,594000,-519000,27000,704000,-677000,12790733
20190723,24162806,11229944,12932862,0,0,0,139000,93000,46000,-456000,16000,232000,-216000,94000,334000,-240000,12522862
20190724,17251698,10978399,6273299,0,0,0,94000,38000,56000,-2518000,23000,2400000,-2377000,25000,166000,-141000,3811299
20190725,24391658,19493149,4898509,0,0,0,86000,315000,-229000,-107000,120000,223000,-103000,147000,151000,-4000,4562509
20190726,12779496,16345895,-3566399,0,0,0,60000,172000,-112000,114000,72000,258000,-186000,334000,34000,300000,-3564399
20190729,13228599,12117213,1111386,0,0,0,18000,19000,-1000,93000,21000,152000,-131000,473000,249000,224000,1203386
20190730,16112436,16120562,-8126,0,0,0,293000,119000,174000,-540000,162000,799000,-637000,213000,116000,97000,-374126
20190731,30353307,28866606,1486701,0,0,0,14000,6000,8000,-2546000,106000,2185000,-2079000,31000,498000,-467000,-1051299
20190801,15046734,25721365,-10674631,0,0,0,226000,30000,196000,1421000,1077000,258000,819000,644000,42000,602000,-9057631
20190802,31228685,40584050,-9355365,0,0,0,5000,240000,-235000,879000,674000,136000,538000,492000,151000,341000,-8711365
20190805,18179332,40275009,-22095677,0,0,0,78000,506000,-428000,2291000,1785000,314000,1471000,868000,48000,820000,-20232677
20190806,25614284,29956005,-4341721,0,0,0,688000,73000,615000,852000,1254000,874000,380000,816000,344000,472000,-2874721
20190807,11942083,21871034,-9928951,0,0,0,67000,491000,-424000,-1533000,167000,1531000,-1364000,125000,294000,-169000,-11885951
20190808,22693000,15212481,7480519,0,0,0,427075,52000,375075,-449000,601000,619000,-18000,97000,528000,-431000,7406594
20190812,15955631,19332830,-3377199,0,0,0,7000,546000,-539000,-468000,249000,567000,-318000,86000,236000,-150000,-4384199
20190813,12736809,21095909,-8359100,0,0,0,159000,200018,-41018,475000,705000,154000,551000,141000,217000,-76000,-7925118
20190814,18620131,22677765,-4057634,0,0,0,304000,0,304000,171000,1166000,1309000,-143000,582000,268000,314000,-3582634
20190815,16857150,18719743,-1862593,0,0,0,57000,689000,-632000,-288000,697000,837000,-140000,214000,362000,-148000,-2782593
20190816,15700022,18076027,-2376005,0,0,0,25000,98000,-73000,-155000,258000,582000,-324000,368000,199000,169000,-2604005
20190819,16938575,15105302,1833273,0,0,0,302000,70000,232000,-129000,321000,391000,-70000,80000,139000,-59000,1936273
20190820,15706026,9309652,6396374,0,0,0,109000,53000,56000,-797000,253000,780000,-527000,78000,348000,-270000,5655374
20190821,14882469,13585323,1297146,0,0,0,96000,58000,38000,-609959,51000,820000,-769000,293041,134000,159041,725187
20190822,13118480,11965140,1153340,0,0,0,1949000,120000,1829000,-841000,260000,652000,-392000,150000,599000,-449000,2141340
20190823,7953392,9575376,-1621984,0,0,0,227000,86000,141000,692000,175000,25000,150000,661000,119000,542000,-788984
20190826,11799951,27248079,-15448128,0,0,0,366000,282000,84000,118000,319000,163000,156000,172000,210000,-38000,-15246128
20190827,46495289,47619526,-1124237,0,0,0,613000,22000,591000,-302000,16000,278000,-262000,114000,154000,-40000,-835237
20190828,11006239,8356875,2649364,0,0,0,145000,0,145000,-409000,126000,540000,-414000,63000,58000,5000,2385364
20190829,16493415,12799843,3693572,0,0,0,118000,124000,-6000,-10000,53000,91000,-38000,104000,76000,28000,3677572
20190830,30454031,12897397,17556634,0,0,0,50000,0,50000,376000,361000,101000,260000,217000,101000,116000,17982634
20190902,8268832,7452000,816832,0,0,0,139000,156000,-17000,533000,606000,12000,594000,165000,226000,-61000,1332832
20190903,11399399,20908758,-9509359,0,0,0,384000,193000,191000,1604000,935000,44000,891000,776000,63000,713000,-7714359
20190904,17730960,13163315,4567645,0,0,0,384000,110000,274000,1498000,1743000,214000,1529000,223000,254000,-31000,6339645
20190905,43947000,10292236,33654764,0,0,0,1277000,275000,1002000,-1654000,225000,1087000,-862000,135000,927000,-792000,33002764
20190906,21956021,9896549,12059472,0,0,0,329000,12000,317000,-355000,149000,346000,-197000,111000,269000,-158000,12021472
20190909,11629458,3739000,7890458,0,0,0,151000,17000,134000,-846000,119000,500000,-381000,94000,559000,-465000,7178458
20190910,19125000,20427744,-1302744,0,0,0,33000,364000,-331000,1280000,507000,200000,307000,1024000,51000,973000,-353744
20190911,24161720,23448214,713506,0,0,0,408000,9000,399000,-813000,502000,1767000,-1265000,535000,83000,452000,299506
20190912,32971212,28739259,4231953,0,0,0,178000,16000,162000,510000,627000,219000,408000,262000,160000,102000,4903953
20190916,33721238,20208631,13512607,0,0,0,43000,27290,15710,125000,683000,449000,234000,76000,185000,-109000,13653317
20190917,25214088,15744586,9469502,0,0,0,111000,24000,87000,-107000,574000,488000,86000,174000,367000,-193000,9449502
20190918,40824200,14072936,26751264,0,0,0,118000,369968,-251968,-738000,1050000,2053000,-1003000,773000,508000,265000,25761296
20190919,16326802,13863667,2463135,0,0,0,479000,357000,122000,-287000,87000,300000,-213000,217000,291000,-74000,2298135
20190920,35478536,36049594,-571058,0,0,0,1216000,366000,850000,341000,197000,385000,-188000,570000,41000,529000,619942
20190923,8701487,7716289,985198,0,0,0,214000,350000,-136000,-132900,60000,183000,-123000,100100,110000,-9900,716298
20190924,14474852,15880717,-1405865,0,0,0,27000,33992,-6992,-724000,144000,1247000,-1103000,456000,77000,379000,-2136857
20190925,17797512,14722606,3074906,0,0,0,1250000,10000,1240000,-1550000,67000,1547000,-1480000,52000,122000,-70000,2764906
20190926,25183361,19768811,5414550,0,0,0,729000,10000,719000,-1261000,103000,609000,-506000,59000,814000,-755000,4872550
20190927,35764100,16591487,19172613,0,0,0,1052000,20000,1032000,-190000,400000,516000,-116000,211000,285000,-74000,20014613
20191001,60159880,33441490,26718390,0,0,0,578000,60266,517734,-487000,773000,1061000,-288000,381000,580000,-199000,26749124
20191002,21645846,15817094,5828752,0,0,0,575000,174000,401000,-366000,416000,843000,-427000,205000,144000,61000,5863752
20191003,19714000,26558241,-6844241,0,0,0,353000,52000,301000,819000,450000,156000,294000,546000,21000,525000,-5724241
20191004,20816200,22835565,-2019365,0,0,0,337000,8000,329000,432000,391000,387000,4000,497000,69000,428000,-1258365
20191007,7861173,7474243,386930,0,0,0,224000,14000,210000,-240000,85000,55000,30000,106000,376000,-270000,356930
20191008,32774017,16342770,16431247,0,0,0,55000,133000,-78000,-899000,390000,880000,-490000,96000,505000,-409000,15454247
20191009,18513530,21202214,-2688684,0,0,0,320000,152000,168000,-1715000,957000,2740000,-1783000,254000,186000,68000,-4235684
